-0.802898 -0.577201
-0.577201 -0.0311782
-0.0311782 0.827509
0.827509 0.489367
0.489367 0.354552
0.354552 1.65386
1.65386 -0.460329
-0.460329 0.112316
0.112316 -0.632608
-0.632608 0.076311
0.076311 1.27305
1.27305 -0.153199
-0.153199 0.0255198
0.0255198 0.0962799
0.0962799 -0.185826
-0.185826 -0.515263
-0.515263 0.476771
0.476771 -0.438407
-0.438407 -1.23993
-1.23993 -0.682006
-0.682006 0.0381868
0.0381868 0.652773
0.652773 -0.608681
-0.608681 -1.20676
-1.20676 -1.54379
-1.54379 0.238311
0.238311 0.526164
0.526164 1.15363
1.15363 0.250253
0.250253 0.200962
0.200962 -0.864036
-0.864036 1.71074
1.71074 -0.0146119
-0.0146119 1.3627
1.3627 -1.19211
-1.19211 0.322116
0.322116 0.943734
0.943734 0.0645416
0.0645416 0.230656
0.230656 0.14431
0.14431 -1.03237
-1.03237 -0.114138
-0.114138 -0.253549
-0.253549 0.165688
0.165688 -0.281491
-0.281491 -0.828043
-0.828043 -0.782212
-0.782212 0.279274
0.279274 0.25026
0.25026 -0.768461
-0.768461 -0.16405
-0.16405 0.220995
0.220995 -0.419254
-0.419254 -0.0772194
-0.0772194 0.767498
0.767498 1.55397
1.55397 0.422297
0.422297 0.598104
0.598104 -0.0626251
-0.0626251 -0.358503
-0.358503 -0.0884307
-0.0884307 0.931189
0.931189 -0.219223
-0.219223 -0.631251
-0.631251 -0.864919
-0.864919 -0.533841
-0.533841 0.266192
0.266192 0.970236
0.970236 0.598614
0.598614 -0.588661
-0.588661 -0.460267
-0.460267 -0.327574
-0.327574 0.672142
0.672142 -0.138934
-0.138934 -1.00312
-1.00312 -0.816747
-0.816747 -1.04466
-1.04466 -0.114887
-0.114887 -0.0571296
-0.0571296 -0.158988
-0.158988 -0.343547
-0.343547 1.46531
1.46531 0.288048
0.288048 1.27431
1.27431 -0.626816
-0.626816 0.787594
0.787594 -0.348797
-0.348797 0.396199
0.396199 -0.809358
-0.809358 0.551885
0.551885 0.164514
0.164514 -0.802652
-0.802652 -0.739353
-0.739353 -0.491547
-0.491547 -0.196091
-0.196091 -0.385629
-0.385629 -0.252408
-0.252408 0.726358
0.726358 0.915521
0.915521 0.251462
0.251462 0.27173
0.27173 -0.231098
-0.231098 -0.54888
-0.54888 -1.74805
-1.74805 0.711516
0.711516 0.331944
0.331944 0.133352
0.133352 0.657827
0.657827 -0.0780424
-0.0780424 0.591425
0.591425 -0.448327
-0.448327 -0.187058
-0.187058 1.63974
1.63974 0.168807
0.168807 0.238489
0.238489 -0.315252
-0.315252 0.344574
0.344574 -0.790971
-0.790971 0.0473728
0.0473728 -0.471507
-0.471507 0.903139
0.903139 -0.194951
-0.194951 0.958454
0.958454 0.400584
0.400584 -0.0554562
-0.0554562 -0.242916
-0.242916 0.815359
0.815359 -0.357626
-0.357626 0.767061
0.767061 1.00135
1.00135 -0.78822
-0.78822 0.479711
0.479711 -0.416617
-0.416617 -1.08066
-1.08066 1.06875
1.06875 0.517698
0.517698 -0.654121
-0.654121 0.310935
0.310935 -0.511767
-0.511767 -0.388928
-0.388928 -0.741837
-0.741837 0.148597
0.148597 1.28948
1.28948 -0.341789
-0.341789 -0.320559
-0.320559 0.68721
0.68721 -1.79904
-1.79904 0.630337
0.630337 -0.348113
-0.348113 -0.0150213
-0.0150213 -2.42421
-2.42421 0.661164
0.661164 0.00263914
0.00263914 0.349622
0.349622 0.753032
0.753032 0.715797
0.715797 -0.59001
-0.59001 -0.771491
-0.771491 -0.256506
-0.256506 -0.322535
-0.322535 1.03871
1.03871 -0.211657
-0.211657 0.190316
0.190316 -0.545309
-0.545309 -0.544193
-0.544193 -1.03895
-1.03895 -0.333535
-0.333535 -0.527548
-0.527548 -0.472606
-0.472606 0.727256
0.727256 -1.19332
-1.19332 -1.43767
-1.43767 -1.0865
-1.0865 -0.12618
-0.12618 0.0122843
0.0122843 -1.31511
-1.31511 1.38663
1.38663 -0.899668
-0.899668 0.0599405
0.0599405 -0.503464
-0.503464 0.429312
0.429312 -0.220483
-0.220483 -0.0940351
-0.0940351 0.323789
0.323789 -0.174609
-0.174609 -1.06793
-1.06793 -0.371324
-0.371324 -0.506683
-0.506683 1.06956
1.06956 -0.566601
-0.566601 0.101533
0.101533 -0.816283
-0.816283 -0.262215
-0.262215 -0.353681
-0.353681 0.421449
0.421449 -0.397524
-0.397524 1.1153
1.1153 0.386592
0.386592 -0.148258
-0.148258 0.662697
0.662697 1.72777
1.72777 -0.696797
-0.696797 0.214592
0.214592 -0.235912
-0.235912 -0.932218
-0.932218 -0.30334
-0.30334 -0.466177
-0.466177 0.160763
0.160763 -0.459645
-0.459645 0.289745
0.289745 0.979504
0.979504 -0.257738
-0.257738 0.739588
0.739588 0.780686
0.780686 0.141568
0.141568 0.21763
0.21763 0.71563
0.71563 1.03909
1.03909 0.581634
0.581634 -1.07691
-1.07691 0.116285
0.116285 0.219917
0.219917 -0.25505
-0.25505 -0.233369
-0.233369 -0.412456
-0.412456 0.559191
0.559191 -0.364014
-0.364014 -0.586733
-0.586733 0.381371
0.381371 0.855065
0.855065 1.32817
1.32817 0.00020501
0.00020501 1.29304
1.29304 -1.19639
-1.19639 0.383303
0.383303 -0.288306
-0.288306 -0.397718
-0.397718 -1.30353
-1.30353 1.05638
1.05638 -0.94921
-0.94921 -0.455208
-0.455208 0.0239275
0.0239275 0.644848
0.644848 -0.355516
-0.355516 -0.176127
-0.176127 -1.2745
-1.2745 0.919839
0.919839 -0.0889185
-0.0889185 0.225736
0.225736 0.467245
0.467245 -0.211243
-0.211243 0.118431
0.118431 -0.361017
-0.361017 0.824358
0.824358 0.127044
0.127044 -1.01168
-1.01168 -0.549144
-0.549144 1.42668
1.42668 -0.930125
-0.930125 -0.897305
-0.897305 0.146231
0.146231 1.92474
1.92474 -0.758578
-0.758578 -0.610262
-0.610262 0.862008
0.862008 -0.64814
-0.64814 -0.846196
-0.846196 0.294352
0.294352 -0.0476099
-0.0476099 -0.403194
-0.403194 -0.218349
-0.218349 0.567345
0.567345 -0.930569
-0.930569 -0.550815
-0.550815 -0.38814
-0.38814 -0.109635
-0.109635 -0.261861
-0.261861 1.17023
1.17023 -0.279646
-0.279646 0.297851
0.297851 0.981328
0.981328 -0.0194613
-0.0194613 0.217924
0.217924 0.491072
0.491072 0.380734
0.380734 0.924596
0.924596 -0.337931
-0.337931 0.478716
0.478716 0.146123
0.146123 0.631562
0.631562 -0.984628
-0.984628 -0.248378
-0.248378 -1.20078
-1.20078 -1.1579
-1.1579 0.487069
0.487069 -0.720058
-0.720058 -0.080507
-0.080507 0.466317
0.466317 1.18492
1.18492 0.948951
0.948951 -0.192937
-0.192937 1.25657
1.25657 1.00667
1.00667 -0.82611
-0.82611 -1.30081
-1.30081 -0.805773
-0.805773 -0.118315
-0.118315 -0.0855865
-0.0855865 0.527839
0.527839 0.236025
0.236025 -0.0433978
-0.0433978 -0.475512
-0.475512 -0.650648
-0.650648 0.335334
0.335334 -0.125155
-0.125155 -1.40769
-1.40769 -1.1716
-1.1716 0.271315
0.271315 -0.0206003
-0.0206003 0.014422
0.014422 -1.44914
-1.44914 -1.00699
-1.00699 0.597713
0.597713 -1.0553
-1.0553 0.370456
0.370456 -0.245248
-0.245248 0.340944
0.340944 0.658637
0.658637 -1.08774
-1.08774 0.039726
0.039726 -0.730189
-0.730189 0.344376
0.344376 -0.26539
-0.26539 -0.328304
-0.328304 -0.570469
-0.570469 -1.34607
-1.34607 -0.736942
-0.736942 1.57366
1.57366 -0.623655
-0.623655 -0.452998
-0.452998 -0.269997
-0.269997 0.0642646
0.0642646 -0.0508289
-0.0508289 -0.667514
-0.667514 -1.27982
-1.27982 -0.735486
-0.735486 -0.597286
-0.597286 -0.103515
-0.103515 -0.0811624
-0.0811624 0.342935
0.342935 1.00002
1.00002 -0.182858
-0.182858 0.28823
0.28823 0.318755
0.318755 -1.47223
-1.47223 -0.371659
-0.371659 -0.14005
-0.14005 -0.23093
-0.23093 0.0390754
0.0390754 -0.561966
-0.561966 -1.39281
-1.39281 -0.26733
-0.26733 -1.43563
-1.43563 -1.32651
-1.32651 -0.231643
-0.231643 -0.00995645
-0.00995645 -0.172906
-0.172906 1.15567
1.15567 -0.26397
-0.26397 0.376219
0.376219 0.0970568
0.0970568 -1.12384
-1.12384 0.235398
0.235398 0.633352
0.633352 -0.481719
-0.481719 -0.900539
-0.900539 1.6813
1.6813 1.60106
1.60106 0.756104
0.756104 0.0158439
0.0158439 0.198968
0.198968 -0.647529
-0.647529 -1.10565
-1.10565 -0.445416
-0.445416 -0.522735
-0.522735 -0.0756295
-0.0756295 -0.772787
-0.772787 -0.38078
-0.38078 0.123753
0.123753 -0.492268
-0.492268 -0.181396
-0.181396 0.752609
0.752609 -0.626502
-0.626502 -1.12637
-1.12637 0.803483
0.803483 0.104894
0.104894 -1.12671
-1.12671 1.18086
1.18086 -0.140174
-0.140174 1.01043
1.01043 0.417111
0.417111 0.732521
0.732521 -1.01266
-1.01266 1.13961
1.13961 1.12666
1.12666 -0.923245
-0.923245 0.155431
0.155431 0.529984
0.529984 -0.26615
-0.26615 -0.711473
-0.711473 0.91875
0.91875 0.136712
0.136712 0.225436
0.225436 0.0395093
0.0395093 -1.08247
-1.08247 0.330658
0.330658 0.719759
0.719759 -0.273979
-0.273979 -0.777591
-0.777591 -1.43623
-1.43623 1.30898
1.30898 0.382795
0.382795 0.623188
0.623188 0.216705
0.216705 -0.307358
-0.307358 0.387273
0.387273 1.20709
1.20709 -0.89961
-0.89961 0.551293
0.551293 -0.0403661
-0.0403661 0.270756
0.270756 -0.88398
-0.88398 -0.127712
-0.127712 0.156876
0.156876 1.68415
1.68415 -0.30412
-0.30412 0.649279
0.649279 0.714579
0.714579 -0.283922
-0.283922 -0.920034
-0.920034 0.382019
0.382019 -1.63352
-1.63352 0.863823
0.863823 0.0405065
0.0405065 1.22362
1.22362 -0.610888
-0.610888 0.0113013
0.0113013 0.479433
0.479433 -0.144305
-0.144305 -0.208263
-0.208263 -0.142078
-0.142078 0.821379
0.821379 0.175299
0.175299 0.00348416
0.00348416 0.325419
0.325419 0.033789
0.033789 -0.354327
-0.354327 0.277907
0.277907 -1.24864
-1.24864 1.42413
1.42413 -0.400691
-0.400691 -0.720823
-0.720823 0.0546832
0.0546832 -0.552998
-0.552998 -1.08834
-1.08834 0.568328
0.568328 0.513148
0.513148 -0.647148
-0.647148 -0.734006
-0.734006 0.204103
0.204103 0.63176
0.63176 0.166813
0.166813 -1.36016
-1.36016 1.63455
1.63455 0.453144
0.453144 0.380571
0.380571 -1.0159
-1.0159 0.120895
0.120895 0.441145
0.441145 -0.271508
-0.271508 -0.188504
-0.188504 -0.797785
-0.797785 -0.304014
-0.304014 1.2989
1.2989 -0.108383
-0.108383 -0.209259
-0.209259 0.0836034
0.0836034 -0.564952
-0.564952 -0.0647265
-0.0647265 0.781933
0.781933 0.213964
0.213964 0.670083
0.670083 0.986813
0.986813 0.849124
0.849124 0.562302
0.562302 -0.150499
-0.150499 1.01789
1.01789 1.00951
1.00951 1.10808
1.10808 -0.963171
-0.963171 -0.477729
-0.477729 -0.773664
-0.773664 0.340292
0.340292 -0.527029
-0.527029 0.855187
0.855187 -1.17468
-1.17468 -1.27956
-1.27956 0.450415
0.450415 -0.650668
-0.650668 1.83118
1.83118 0.47512
0.47512 0.506081
0.506081 0.554667
0.554667 -0.972518
-0.972518 0.649943
0.649943 0.302892
0.302892 -0.0778628
-0.0778628 -0.64859
-0.64859 0.157538
0.157538 -0.887487
-0.887487 0.16151
0.16151 0.790471
0.790471 0.399914
0.399914 1.32098
1.32098 0.0371505
0.0371505 -0.307639
-0.307639 7.87973e-05
7.87973e-05 -0.52285
-0.52285 -0.675686
-0.675686 0.592079
0.592079 -0.337033
-0.337033 -1.39698
-1.39698 -0.208457
-0.208457 0.169346
0.169346 0.229823
0.229823 -0.577
-0.577 0.0496926
0.0496926 -0.137673
-0.137673 0.269802
0.269802 0.251125
0.251125 0.822426
0.822426 0.571172
0.571172 -0.413536
-0.413536 -0.786695
-0.786695 -1.42993
-1.42993 -0.819715
-0.819715 -0.861668
-0.861668 -0.0756548
-0.0756548 -0.478444
-0.478444 -0.361372
-0.361372 0.167444
0.167444 -0.135612
-0.135612 -0.809993
-0.809993 0.492603
0.492603 1.66288
1.66288 -0.47008
-0.47008 0.769278
0.769278 0.780342
0.780342 1.08118
1.08118 0.883874
0.883874 -0.800201
-0.800201 -0.466457
-0.466457 0.90422
0.90422 0.616152
0.616152 -0.000425249
-0.000425249 1.03261
1.03261 0.230296
0.230296 0.312062
0.312062 0.18461
0.18461 -0.553961
-0.553961 1.10856
1.10856 -1.56816
-1.56816 0.142369
0.142369 -0.786015
-0.786015 0.0786726
0.0786726 0.287117
0.287117 -0.466727
-0.466727 -0.388456
-0.388456 0.394146
0.394146 -0.283193
-0.283193 -0.340546
-0.340546 0.177505
0.177505 -0.861126
-0.861126 0.822659
0.822659 0.153196
0.153196 -0.159727
-0.159727 1.44269
1.44269 0.52331
0.52331 -0.578412
-0.578412 0.413845
0.413845 -0.373981
-0.373981 -0.798782
-0.798782 -0.21586
-0.21586 -0.671488
-0.671488 0.623789
0.623789 -0.733443
-0.733443 -0.374812
-0.374812 1.10796
1.10796 -0.120993
-0.120993 0.256438
0.256438 1.03232
1.03232 -0.153655
-0.153655 0.00768498
0.00768498 -0.143255
-0.143255 0.567303
0.567303 -0.854337
-0.854337 -1.08621
-1.08621 0.596392
0.596392 -0.295233
-0.295233 0.435799
0.435799 0.671033
0.671033 1.25288
1.25288 -0.0670247
-0.0670247 0.392613
0.392613 -0.800615
-0.800615 0.709016
0.709016 0.676278
0.676278 0.658912
0.658912 0.69106
0.69106 0.927279
0.927279 0.162092
0.162092 0.194983
0.194983 -0.32254
-0.32254 -0.745662
-0.745662 0.19539
0.19539 -0.369299
-0.369299 0.660834
0.660834 0.396518
0.396518 -0.0676488
-0.0676488 0.649111
0.649111 -0.179209
-0.179209 -0.0818946
-0.0818946 -0.0306483
-0.0306483 0.522864
0.522864 0.376052
0.376052 -0.100615
-0.100615 -0.142785
-0.142785 0.191125
0.191125 -0.88015
-0.88015 0.0731375
0.0731375 -0.369917
-0.369917 0.0652787
0.0652787 0.265789
0.265789 0.902777
0.902777 0.0781621
0.0781621 -0.388719
-0.388719 -1.0517
-1.0517 0.592678
0.592678 1.41834
1.41834 0.30247
0.30247 0.35511
0.35511 0.953589
0.953589 -0.458376
-0.458376 -0.645161
-0.645161 -0.669299
-0.669299 0.201764
0.201764 -0.180603
-0.180603 -0.282976
-0.282976 0.844944
0.844944 1.09312
1.09312 0.495365
0.495365 1.13947
1.13947 0.299926
0.299926 0.720569
0.720569 0.60956
0.60956 0.961215
0.961215 0.901462
0.901462 -1.37682
-1.37682 -1.20266
-1.20266 0.39806
0.39806 0.0709139
0.0709139 0.737158
0.737158 -0.954194
-0.954194 -1.1061
-1.1061 0.388075
0.388075 0.371955
0.371955 0.747158
0.747158 -1.92603
-1.92603 -0.289789
-0.289789 1.16845
1.16845 -0.000983059
-0.000983059 -1.19792
-1.19792 0.825607
0.825607 -0.743356
-0.743356 0.812251
0.812251 -0.986699
-0.986699 -0.114656
-0.114656 0.659927
0.659927 0.23728
0.23728 0.260079
0.260079 1.08504
1.08504 0.826667
0.826667 -0.513204
-0.513204 -0.403852
-0.403852 0.0658627
0.0658627 -0.11359
-0.11359 -0.318823
-0.318823 -0.407517
-0.407517 -2.30015
-2.30015 0.596998
0.596998 0.274884
0.274884 -0.0348225
-0.0348225 -0.902893
-0.902893 -0.0605761
-0.0605761 0.85374
0.85374 0.813891
0.813891 0.45814
0.45814 0.00686759
0.00686759 0.362536
0.362536 0.722922
0.722922 -0.40038
-0.40038 -0.0706381
-0.0706381 -0.0794198
-0.0794198 -0.315296
-0.315296 0.879756
0.879756 0.122628
0.122628 0.420739
0.420739 -0.188764
-0.188764 0.251089
0.251089 0.134127
0.134127 0.704534
0.704534 -0.76147
-0.76147 -1.25903
-1.25903 -0.0588693
-0.0588693 0.407383
0.407383 -0.120695
-0.120695 -0.313203
-0.313203 0.644877
0.644877 -0.196888
-0.196888 0.0131977
0.0131977 -0.130012
-0.130012 0.144111
0.144111 -1.08642
-1.08642 0.632254
0.632254 0.22479
0.22479 0.0790967
0.0790967 -0.0441791
-0.0441791 -1.21894
-1.21894 -0.55726
-0.55726 -0.13046
-0.13046 -0.230735
-0.230735 0.46865
0.46865 0.779446
0.779446 0.272893
0.272893 0.403819
0.403819 -0.020947
-0.020947 -0.386822
-0.386822 0.204789
0.204789 0.240617
0.240617 0.535649
0.535649 -0.0365833
-0.0365833 0.608196
0.608196 1.46915
1.46915 -0.0483398
-0.0483398 -0.412294
-0.412294 -0.351294
-0.351294 -0.299686
-0.299686 -0.455744
-0.455744 -1.08273
-1.08273 1.17749
1.17749 -0.607703
-0.607703 -0.178612
-0.178612 -0.786186
-0.786186 0.300331
0.300331 0.229483
0.229483 0.239437
0.239437 0.821409
0.821409 0.538635
0.538635 -0.140319
-0.140319 0.0220456
0.0220456 0.536952
0.536952 0.363613
0.363613 -0.527417
-0.527417 -0.600171
-0.600171 -1.04417
-1.04417 0.644675
0.644675 -0.0798106
-0.0798106 -0.458654
-0.458654 0.4208
0.4208 0.395731
0.395731 -0.453523
-0.453523 -0.496478
-0.496478 1.02672
1.02672 -0.818825
-0.818825 -0.277227
-0.277227 -0.573704
-0.573704 0.218227
0.218227 1.21563
1.21563 0.525617
0.525617 -0.303262
-0.303262 0.181094
0.181094 -0.507154
-0.507154 -0.12304
-0.12304 0.504361
0.504361 0.1215
0.1215 1.02344
1.02344 -1.57439
-1.57439 0.745612
0.745612 -0.00797239
-0.00797239 -0.223994
-0.223994 0.0543988
0.0543988 0.762652
0.762652 -1.31315
-1.31315 -0.745026
-0.745026 0.756496
0.756496 -1.11577
-1.11577 -0.708315
-0.708315 -0.470517
-0.470517 0.133206
0.133206 0.123416
0.123416 0.74989
0.74989 -0.596216
-0.596216 -0.314007
-0.314007 0.713591
0.713591 -0.582946
-0.582946 -0.0979128
-0.0979128 1.2114
1.2114 0.0723015
0.0723015 0.879476
0.879476 0.452705
0.452705 -0.88041
-0.88041 1.72783
1.72783 0.703848
0.703848 -0.576923
-0.576923 -0.275415
-0.275415 1.54749
1.54749 0.2366
0.2366 0.570552
0.570552 -1.13239
-1.13239 -0.802648
-0.802648 -1.85848
-1.85848 -0.439229
-0.439229 -0.363106
-0.363106 -0.0973639
-0.0973639 0.732464
0.732464 -0.620008
-0.620008 0.253221
0.253221 0.239057
0.239057 -0.83275
-0.83275 -0.0213013
-0.0213013 -0.557381
-0.557381 -0.647845
-0.647845 0.250606
0.250606 0.786438
0.786438 -0.683495
-0.683495 -0.314238
-0.314238 -0.96148
-0.96148 -0.135875
-0.135875 1.9062
1.9062 0.458869
0.458869 -1.04518
-1.04518 0.280812
0.280812 -0.791592
-0.791592 0.664307
0.664307 -0.455262
-0.455262 -0.574
-0.574 -1.81107
-1.81107 0.905637
0.905637 0.504412
0.504412 -0.846648
-0.846648 -0.470132
-0.470132 -0.518025
-0.518025 -0.700161
-0.700161 -0.76677
-0.76677 0.304079
0.304079 0.0566111
0.0566111 0.297364
0.297364 -1.12563
-1.12563 0.0759214
0.0759214 1.24697
1.24697 0.695665
0.695665 -1.33794
-1.33794 1.20709
1.20709 0.495047
0.495047 0.43648
0.43648 0.184353
0.184353 0.0858489
0.0858489 0.396837
0.396837 0.286647
0.286647 -0.22937
-0.22937 0.388291
0.388291 0.0481151
0.0481151 -1.11378
-1.11378 0.643402
0.643402 -0.736013
-0.736013 -0.553359
-0.553359 -0.306514
-0.306514 0.426294
0.426294 -0.00733101
-0.00733101 -0.257115
-0.257115 0.443323
0.443323 -0.120293
-0.120293 -0.157078
-0.157078 -1.44682
-1.44682 0.924379
0.924379 0.273594
0.273594 -0.334847
-0.334847 -0.464783
-0.464783 -0.44338
-0.44338 0.408746
0.408746 0.135778
0.135778 1.03468
1.03468 -0.933294
-0.933294 -0.596609
-0.596609 -0.271362
-0.271362 -0.526095
-0.526095 0.496966
0.496966 1.31456
1.31456 -0.456163
-0.456163 0.761841
0.761841 2.01834
2.01834 -0.751103
-0.751103 -1.0123
-1.0123 0.887823
0.887823 -1.83229
-1.83229 -0.963576
-0.963576 -1.14383
-1.14383 -0.722601
-0.722601 0.620963
0.620963 1.16648
1.16648 -0.295045
-0.295045 0.110253
0.110253 0.502295
0.502295 -0.639341
-0.639341 -0.395042
-0.395042 0.55797
0.55797 -0.062079
-0.062079 -0.56689
-0.56689 0.443812
0.443812 -0.10661
-0.10661 -0.16379
-0.16379 0.397815
0.397815 -0.474213
-0.474213 -0.458778
-0.458778 0.269002
0.269002 0.114542
0.114542 -0.486602
-0.486602 -0.0969371
-0.0969371 1.44241
1.44241 1.18884
1.18884 -0.221583
-0.221583 -0.426386
-0.426386 0.69965
0.69965 -0.564896
-0.564896 0.862969
0.862969 0.805797
0.805797 -0.0873632
-0.0873632 0.14056
0.14056 1.05718
1.05718 -0.284749
-0.284749 1.13039
1.13039 0.0747871
0.0747871 -0.0388933
-0.0388933 0.619438
0.619438 0.939425
0.939425 0.153923
0.153923 0.364046
0.364046 -0.420944
-0.420944 -0.863708
-0.863708 0.990066
0.990066 0.0248021
0.0248021 -0.182738
-0.182738 -0.548047
-0.548047 0.64663
0.64663 -0.415335
-0.415335 -0.579642
-0.579642 1.14978
1.14978 -0.0541025
-0.0541025 0.68093
0.68093 -0.720743
-0.720743 -1.44185
-1.44185 1.08945
1.08945 -0.53429
-0.53429 -1.1339
-1.1339 -1.08281
-1.08281 0.25197
0.25197 0.47143
0.47143 -0.723262
-0.723262 -0.0280869
-0.0280869 0.852696
0.852696 0.0214298
0.0214298 0.210688
0.210688 -0.560411
-0.560411 0.574509
0.574509 -0.918181
-0.918181 0.739535
0.739535 0.0446098
0.0446098 -0.124202
-0.124202 -0.552442
-0.552442 1.46286
1.46286 0.994355
0.994355 -0.90363
-0.90363 0.506974
0.506974 -0.209248
-0.209248 0.474772
0.474772 0.432548
0.432548 -0.850056
-0.850056 -0.518535
-0.518535 -0.878737
