0.56 1.01484e+09
1.01484e+09 2.26527e+09
2.26527e+09 1.89941e+09
1.89941e+09 4.77034e+08
4.77034e+08 5.16013e+06
5.16013e+06 2.39707e+08
2.39707e+08 9.68138e+08
9.68138e+08 1.23669e+09
1.23669e+09 4.19865e+09
4.19865e+09 2.93069e+09
2.93069e+09 2.92938e+09
2.92938e+09 3.43889e+09
3.43889e+09 4.2237e+09
4.2237e+09 1.2678e+09
1.2678e+09 2.11205e+09
2.11205e+09 9.33862e+08
9.33862e+08 3.44191e+09
3.44191e+09 3.11547e+09
3.11547e+09 2.68036e+09
2.68036e+09 2.71311e+09
2.71311e+09 1.33227e+09
1.33227e+09 1.64948e+09
1.64948e+09 2.97511e+09
2.97511e+09 3.85379e+09
3.85379e+09 4.19599e+09
4.19599e+09 1.96732e+09
1.96732e+09 1.4958e+09
1.4958e+09 3.72802e+09
3.72802e+09 3.09533e+09
3.09533e+09 2.5917e+09
2.5917e+09 2.40209e+09
2.40209e+09 2.79413e+09
2.79413e+09 4.16209e+09
4.16209e+09 5.18536e+08
5.18536e+08 5.74765e+08
5.74765e+08 3.239e+09
3.239e+09 2.42439e+09
2.42439e+09 2.62864e+09
2.62864e+09 4.0755e+09
4.0755e+09 1.20334e+09
1.20334e+09 4.00882e+09
4.00882e+09 1.01332e+09
1.01332e+09 2.78042e+09
2.78042e+09 2.55242e+09
2.55242e+09 1.04815e+09
1.04815e+09 3.99853e+09
3.99853e+09 2.36605e+09
2.36605e+09 2.47245e+09
2.47245e+09 4.0362e+09
4.0362e+09 2.21648e+09
2.21648e+09 3.5594e+09
3.5594e+09 3.14808e+09
3.14808e+09 2.73149e+09
2.73149e+09 1.48453e+09
1.48453e+09 3.64343e+09
3.64343e+09 9.67028e+08
9.67028e+08 8.49359e+08
8.49359e+08 2.43588e+09
2.43588e+09 3.565e+09
3.565e+09 1.7172e+09
1.7172e+09 1.0998e+09
1.0998e+09 1.34169e+08
1.34169e+08 3.98653e+09
3.98653e+09 2.71437e+09
2.71437e+09 2.28309e+09
2.28309e+09 4.13409e+09
4.13409e+09 4.01442e+09
4.01442e+09 3.16031e+09
3.16031e+09 4.06375e+09
4.06375e+09 3.25297e+09
3.25297e+09 3.63856e+09
3.63856e+09 8.32131e+08
8.32131e+08 2.05766e+09
2.05766e+09 4.17022e+09
4.17022e+09 4.0397e+09
4.0397e+09 2.62746e+08
2.62746e+08 7.15958e+08
7.15958e+08 2.69255e+09
2.69255e+09 3.92292e+08
3.92292e+08 3.98576e+09
3.98576e+09 3.83331e+09
3.83331e+09 3.52086e+09
3.52086e+09 3.10985e+09
3.10985e+09 3.82025e+09
3.82025e+09 1.48133e+08
1.48133e+08 2.67777e+09
2.67777e+09 2.96818e+09
2.96818e+09 2.02668e+09
2.02668e+09 1.09114e+09
1.09114e+09 5.55751e+08
5.55751e+08 3.18353e+08
3.18353e+08 3.1594e+09
3.1594e+09 2.5666e+08
2.5666e+08 1.15273e+09
1.15273e+09 4.23334e+09
4.23334e+09 2.13803e+09
2.13803e+09 3.51454e+09
3.51454e+09 6.55247e+08
6.55247e+08 3.72114e+09
3.72114e+09 2.43216e+09
