0.56 0.985107
0.985107 0.0586547
0.0586547 0.220747
0.220747 0.687727
0.687727 0.858605
0.858605 0.485368
0.485368 0.998644
0.998644 0.00541396
0.00541396 0.0215278
0.0215278 0.0842154
0.0842154 0.308338
0.308338 0.852637
0.852637 0.502338
0.502338 0.999478
0.999478 0.00208522
0.00208522 0.00831933
0.00831933 0.032984
0.032984 0.12752
0.12752 0.444813
0.444813 0.987324
0.987324 0.0500372
0.0500372 0.190039
0.190039 0.615388
0.615388 0.946269
0.946269 0.203275
0.203275 0.647492
0.647492 0.912528
0.912528 0.319123
0.319123 0.8687
0.8687 0.456013
0.456013 0.991764
0.991764 0.0326549
0.0326549 0.126291
0.126291 0.441146
0.441146 0.985652
0.985652 0.056542
0.056542 0.213273
0.213273 0.670816
0.670816 0.882847
0.882847 0.413507
0.413507 0.969591
0.969591 0.117878
0.117878 0.415724
0.415724 0.971105
0.971105 0.112186
0.112186 0.398201
0.398201 0.958069
0.958069 0.160611
0.160611 0.538991
0.538991 0.993422
0.993422 0.0261264
0.0261264 0.101724
0.101724 0.365324
0.365324 0.926985
0.926985 0.270599
0.270599 0.789105
0.789105 0.66534
0.66534 0.890205
0.890205 0.390763
0.390763 0.951793
0.951793 0.183439
0.183439 0.598858
0.598858 0.960428
0.960428 0.151949
0.151949 0.515184
0.515184 0.998578
0.998578 0.00567631
0.00567631 0.0225651
0.0225651 0.0881794
0.0881794 0.321454
0.321454 0.87205
0.87205 0.446093
0.446093 0.987882
0.987882 0.0478615
0.0478615 0.182192
0.182192 0.595694
0.595694 0.962889
0.962889 0.142865
0.142865 0.489574
0.489574 0.999065
0.999065 0.00373304
0.00373304 0.014869
0.014869 0.0585623
0.0585623 0.220421
0.220421 0.686998
0.686998 0.859697
0.859697 0.482232
0.482232 0.998238
0.998238 0.00703291
0.00703291 0.0279198
0.0279198 0.108507
0.108507 0.386739
0.386739 0.948213
0.948213 0.196321
0.196321 0.6308
0.6308 0.9311
0.9311 0.256483
0.256483 0.762416
0.762416 0.72419
0.72419 0.798556
