0.5 0.9
0.9 0.324
0.324 0.788486
0.788486 0.600392
0.600392 0.863717
0.863717 0.423755
0.423755 0.879072
0.879072 0.382695
0.382695 0.850463
0.850463 0.457834
0.457834 0.893599
0.893599 0.342287
0.342287 0.810456
0.810456 0.553022
0.553022 0.889879
0.889879 0.352779
0.352779 0.821974
0.821974 0.526798
0.526798 0.897415
0.897415 0.331422
0.331422 0.797693
0.797693 0.580964
0.580964 0.876401
0.876401 0.38996
0.38996 0.856408
0.856408 0.442704
0.442704 0.888182
0.888182 0.357534
0.357534 0.826933
0.826933 0.515214
0.515214 0.899167
0.899167 0.326398
0.326398 0.791504
0.791504 0.594092
0.594092 0.868128
0.868128 0.412134
0.412134 0.872206
0.872206 0.401265
0.401265 0.864905
0.864905 0.42064
0.42064 0.877327
0.877327 0.387447
0.387447 0.854394
0.854394 0.447857
0.447857 0.890212
0.890212 0.351845
0.351845 0.82098
0.82098 0.529098
0.529098 0.896952
0.896952 0.332745
0.332745 0.799293
0.799293 0.577526
0.577526 0.878363
0.878363 0.384629
0.384629 0.852082
0.852082 0.453737
0.453737 0.892295
0.892295 0.345977
0.345977 0.814596
0.814596 0.543705
0.543705 0.893124
0.893124 0.343634
0.343634 0.811979
0.811979 0.549609
0.549609 0.89114
0.89114 0.349234
0.349234 0.81817
0.81817 0.535564
0.535564 0.895447
0.895447 0.337039
0.337039 0.804397
0.804397 0.566433
0.566433 0.884112
0.884112 0.368849
0.368849 0.838078
0.838078 0.488533
0.488533 0.899527
0.899527 0.325363
0.325363 0.790206
0.790206 0.596809
0.596809 0.866261
0.866261 0.417071
0.417071 0.875242
0.875242 0.393096
0.393096 0.858858
0.858858 0.436396
0.436396 0.885436
0.885436 0.36518
0.36518 0.834565
0.834565 0.497038
0.497038 0.899968
0.899968 0.324091
0.324091 0.788602
0.788602 0.600153
0.600153 0.86389
0.86389 0.423303
0.423303 0.878823
0.878823 0.383375
0.383375 0.851035
0.851035 0.456387
