2.4 0.59136
2.4 0.579968
2.4 0.584652
2.4 0.582802
2.4 0.583545
2.4 0.583248
2.4 0.583367
2.4 0.58332
2.4 0.583339
2.4 0.583331
2.4 0.583334
2.4 0.583333
2.4 0.583333
2.4 0.583333
2.4 0.583333
2.4 0.583333
2.4 0.583333
2.4 0.583333
2.4 0.583333
2.4 0.583333
2.4 0.583333
2.4 0.583333
2.4 0.583333
2.4 0.583333
2.4 0.583333
2.4 0.583333
2.4 0.583333
2.4 0.583333
2.4 0.583333
2.4 0.583333
2.4 0.583333
2.4 0.583333
2.4 0.583333
2.4 0.583333
2.4 0.583333
2.4 0.583333
2.4 0.583333
2.4 0.583333
2.4 0.583333
2.4 0.583333
2.4 0.583333
2.4 0.583333
2.4 0.583333
2.4 0.583333
2.4 0.583333
2.4 0.583333
2.4 0.583333
2.4 0.583333
2.4 0.583333
2.4 0.583333
2.4 0.583333
2.4 0.583333
2.4 0.583333
2.4 0.583333
2.4 0.583333
2.4 0.583333
2.4 0.583333
2.4 0.583333
2.4 0.583333
2.4 0.583333
2.4 0.583333
2.4 0.583333
2.4 0.583333
2.4 0.583333
2.4 0.583333
2.4 0.583333
2.4 0.583333
2.4 0.583333
2.4 0.583333
2.4 0.583333
2.4 0.583333
2.4 0.583333
2.4 0.583333
2.4 0.583333
2.4 0.583333
2.4 0.583333
2.4 0.583333
2.4 0.583333
2.4 0.583333
2.4 0.583333
2.4 0.583333
2.4 0.583333
2.4 0.583333
2.4 0.583333
2.4 0.583333
2.4 0.583333
2.4 0.583333
2.4 0.583333
2.4 0.583333
2.4 0.583333
2.4 0.583333
2.4 0.583333
2.4 0.583333
2.4 0.583333
2.4 0.583333
2.4 0.583333
2.4 0.583333
2.4 0.583333
2.4 0.583333
2.4 0.583333
2.5 0.607639
2.5 0.596035
2.5 0.601943
2.5 0.599019
2.5 0.600488
2.5 0.599755
2.5 0.600122
2.5 0.599939
2.5 0.600031
2.5 0.599985
2.5 0.600008
2.5 0.599996
2.5 0.600002
2.5 0.599999
2.5 0.600001
2.5 0.6
2.5 0.6
2.5 0.6
2.5 0.6
2.5 0.6
2.5 0.6
2.5 0.6
2.5 0.6
2.5 0.6
2.5 0.6
2.5 0.6
2.5 0.6
2.5 0.6
2.5 0.6
2.5 0.6
2.5 0.6
2.5 0.6
2.5 0.6
2.5 0.6
2.5 0.6
2.5 0.6
2.5 0.6
2.5 0.6
2.5 0.6
2.5 0.6
2.5 0.6
2.5 0.6
2.5 0.6
2.5 0.6
2.5 0.6
2.5 0.6
2.5 0.6
2.5 0.6
2.5 0.6
2.5 0.6
2.5 0.6
2.5 0.6
2.5 0.6
2.5 0.6
2.5 0.6
2.5 0.6
2.5 0.6
2.5 0.6
2.5 0.6
2.5 0.6
2.5 0.6
2.5 0.6
2.5 0.6
2.5 0.6
2.5 0.6
2.5 0.6
2.5 0.6
2.5 0.6
2.5 0.6
2.5 0.6
2.5 0.6
2.5 0.6
2.5 0.6
2.5 0.6
2.5 0.6
2.5 0.6
2.5 0.6
2.5 0.6
2.5 0.6
2.5 0.6
2.5 0.6
2.5 0.6
2.5 0.6
2.5 0.6
2.5 0.6
2.5 0.6
2.5 0.6
2.5 0.6
2.5 0.6
2.5 0.6
2.5 0.6
2.5 0.6
2.5 0.6
2.5 0.6
2.5 0.6
2.5 0.6
2.5 0.6
2.5 0.6
2.5 0.6
2.5 0.6
2.6 0.624
2.6 0.610022
2.6 0.618527
2.6 0.613473
2.6 0.616522
2.6 0.614699
2.6 0.615795
2.6 0.615138
2.6 0.615532
2.6 0.615296
2.6 0.615438
2.6 0.615353
2.6 0.615404
2.6 0.615373
2.6 0.615392
2.6 0.61538
2.6 0.615387
2.6 0.615383
2.6 0.615386
2.6 0.615384
2.6 0.615385
2.6 0.615384
2.6 0.615385
2.6 0.615384
2.6 0.615385
2.6 0.615385
2.6 0.615385
2.6 0.615385
2.6 0.615385
2.6 0.615385
2.6 0.615385
2.6 0.615385
2.6 0.615385
2.6 0.615385
2.6 0.615385
2.6 0.615385
2.6 0.615385
2.6 0.615385
2.6 0.615385
2.6 0.615385
2.6 0.615385
2.6 0.615385
2.6 0.615385
2.6 0.615385
2.6 0.615385
2.6 0.615385
2.6 0.615385
2.6 0.615385
2.6 0.615385
2.6 0.615385
2.6 0.615385
2.6 0.615385
2.6 0.615385
2.6 0.615385
2.6 0.615385
2.6 0.615385
2.6 0.615385
2.6 0.615385
2.6 0.615385
2.6 0.615385
2.6 0.615385
2.6 0.615385
2.6 0.615385
2.6 0.615385
2.6 0.615385
2.6 0.615385
2.6 0.615385
2.6 0.615385
2.6 0.615385
2.6 0.615385
2.6 0.615385
2.6 0.615385
2.6 0.615385
2.6 0.615385
2.6 0.615385
2.6 0.615385
2.6 0.615385
2.6 0.615385
2.6 0.615385
2.6 0.615385
2.6 0.615385
2.6 0.615385
2.6 0.615385
2.6 0.615385
2.6 0.615385
2.6 0.615385
2.6 0.615385
2.6 0.615385
2.6 0.615385
2.6 0.615385
2.6 0.615385
2.6 0.615385
2.6 0.615385
2.6 0.615385
2.6 0.615385
2.6 0.615385
2.6 0.615385
2.6 0.615385
2.6 0.615385
2.6 0.615385
2.7 0.639053
2.7 0.622793
2.7 0.634289
2.7 0.62631
2.7 0.631924
2.7 0.628009
2.7 0.630757
2.7 0.628837
2.7 0.630183
2.7 0.629242
2.7 0.629901
2.7 0.62944
2.7 0.629762
2.7 0.629537
2.7 0.629695
2.7 0.629584
2.7 0.629662
2.7 0.629607
2.7 0.629645
2.7 0.629619
2.7 0.629637
2.7 0.629624
2.7 0.629633
2.7 0.629627
2.7 0.629631
2.7 0.629628
2.7 0.629631
2.7 0.629629
2.7 0.62963
2.7 0.629629
2.7 0.62963
2.7 0.629629
2.7 0.62963
2.7 0.629629
2.7 0.62963
2.7 0.62963
2.7 0.62963
2.7 0.62963
2.7 0.62963
2.7 0.62963
2.7 0.62963
2.7 0.62963
2.7 0.62963
2.7 0.62963
2.7 0.62963
2.7 0.62963
2.7 0.62963
2.7 0.62963
2.7 0.62963
2.7 0.62963
2.7 0.62963
2.7 0.62963
2.7 0.62963
2.7 0.62963
2.7 0.62963
2.7 0.62963
2.7 0.62963
2.7 0.62963
2.7 0.62963
2.7 0.62963
2.7 0.62963
2.7 0.62963
2.7 0.62963
2.7 0.62963
2.7 0.62963
2.7 0.62963
2.7 0.62963
2.7 0.62963
2.7 0.62963
2.7 0.62963
2.7 0.62963
2.7 0.62963
2.7 0.62963
2.7 0.62963
2.7 0.62963
2.7 0.62963
2.7 0.62963
2.7 0.62963
2.7 0.62963
2.7 0.62963
2.7 0.62963
2.7 0.62963
2.7 0.62963
2.7 0.62963
2.7 0.62963
2.7 0.62963
2.7 0.62963
2.7 0.62963
2.7 0.62963
2.7 0.62963
2.7 0.62963
2.7 0.62963
2.7 0.62963
2.7 0.62963
2.7 0.62963
2.7 0.62963
2.7 0.62963
2.7 0.62963
2.7 0.62963
2.7 0.62963
2.8 0.652949
2.8 0.634498
2.8 0.649349
2.8 0.637546
2.8 0.647027
2.8 0.639472
2.8 0.645533
2.8 0.640697
2.8 0.644572
2.8 0.641477
2.8 0.643956
2.8 0.641974
2.8 0.643561
2.8 0.642293
2.8 0.643308
2.8 0.642496
2.8 0.643146
2.8 0.642626
2.8 0.643042
2.8 0.642709
2.8 0.642975
2.8 0.642762
2.8 0.642933
2.8 0.642797
2.8 0.642906
2.8 0.642818
2.8 0.642888
2.8 0.642832
2.8 0.642877
2.8 0.642841
2.8 0.64287
2.8 0.642847
2.8 0.642865
2.8 0.642851
2.8 0.642862
2.8 0.642853
2.8 0.64286
2.8 0.642854
2.8 0.642859
2.8 0.642855
2.8 0.642859
2.8 0.642856
2.8 0.642858
2.8 0.642856
2.8 0.642858
2.8 0.642857
2.8 0.642857
2.8 0.642857
2.8 0.642857
2.8 0.642857
2.8 0.642857
2.8 0.642857
2.8 0.642857
2.8 0.642857
2.8 0.642857
2.8 0.642857
2.8 0.642857
2.8 0.642857
2.8 0.642857
2.8 0.642857
2.8 0.642857
2.8 0.642857
2.8 0.642857
2.8 0.642857
2.8 0.642857
2.8 0.642857
2.8 0.642857
2.8 0.642857
2.8 0.642857
2.8 0.642857
2.8 0.642857
2.8 0.642857
2.8 0.642857
2.8 0.642857
2.8 0.642857
2.8 0.642857
2.8 0.642857
2.8 0.642857
2.8 0.642857
2.8 0.642857
2.8 0.642857
2.8 0.642857
2.8 0.642857
2.8 0.642857
2.8 0.642857
2.8 0.642857
2.8 0.642857
2.8 0.642857
2.8 0.642857
2.8 0.642857
2.8 0.642857
2.8 0.642857
2.8 0.642857
2.8 0.642857
2.8 0.642857
2.8 0.642857
2.8 0.642857
2.8 0.642857
2.8 0.642857
2.8 0.642857
2.9 0.665816
2.9 0.645264
2.9 0.663805
2.9 0.647187
2.9 0.662174
2.9 0.648728
2.9 0.660851
2.9 0.649968
2.9 0.659778
2.9 0.650966
2.9 0.658907
2.9 0.651771
2.9 0.6582
2.9 0.652421
2.9 0.657627
2.9 0.652946
2.9 0.657162
2.9 0.65337
2.9 0.656785
2.9 0.653714
2.9 0.656479
2.9 0.653991
2.9 0.656231
2.9 0.654216
2.9 0.65603
2.9 0.654398
2.9 0.655867
2.9 0.654545
2.9 0.655736
2.9 0.654665
2.9 0.655629
2.9 0.654761
2.9 0.655542
2.9 0.654839
2.9 0.655472
2.9 0.654903
2.9 0.655415
2.9 0.654954
2.9 0.655369
2.9 0.654995
2.9 0.655332
2.9 0.655029
2.9 0.655301
2.9 0.655056
2.9 0.655277
2.9 0.655078
2.9 0.655257
2.9 0.655096
2.9 0.655241
2.9 0.655111
2.9 0.655228
2.9 0.655122
2.9 0.655217
2.9 0.655132
2.9 0.655209
2.9 0.65514
2.9 0.655202
2.9 0.655146
2.9 0.655196
2.9 0.655151
2.9 0.655192
2.9 0.655155
2.9 0.655188
2.9 0.655158
2.9 0.655185
2.9 0.655161
2.9 0.655183
2.9 0.655163
2.9 0.655181
2.9 0.655165
2.9 0.655179
2.9 0.655166
2.9 0.655178
2.9 0.655167
2.9 0.655177
2.9 0.655168
2.9 0.655176
2.9 0.655169
2.9 0.655175
2.9 0.65517
2.9 0.655175
2.9 0.65517
2.9 0.655174
2.9 0.655171
2.9 0.655174
2.9 0.655171
2.9 0.655174
2.9 0.655171
2.9 0.655173
2.9 0.655171
2.9 0.655173
2.9 0.655172
2.9 0.655173
2.9 0.655172
2.9 0.655173
2.9 0.655172
2.9 0.655173
2.9 0.655172
2.9 0.655173
2.9 0.655172
3 0.677765
3 0.655199
3 0.67774
3 0.655226
3 0.677715
3 0.655252
3 0.67769
3 0.655278
3 0.677666
3 0.655305
3 0.677641
3 0.655331
3 0.677617
3 0.655356
3 0.677593
3 0.655382
3 0.677569
3 0.655407
3 0.677546
3 0.655433
3 0.677522
3 0.655458
3 0.677499
3 0.655483
3 0.677475
3 0.655507
3 0.677452
3 0.655532
3 0.677429
3 0.655556
3 0.677406
3 0.655581
3 0.677384
3 0.655605
3 0.677361
3 0.655629
3 0.677339
3 0.655653
3 0.677317
3 0.655676
3 0.677295
3 0.6557
3 0.677273
3 0.655723
3 0.677251
3 0.655746
3 0.677229
3 0.655769
3 0.677208
3 0.655792
3 0.677186
3 0.655815
3 0.677165
3 0.655838
3 0.677144
3 0.65586
3 0.677123
3 0.655883
3 0.677102
3 0.655905
3 0.677081
3 0.655927
3 0.67706
3 0.655949
3 0.67704
3 0.655971
3 0.677019
3 0.655992
3 0.676999
3 0.656014
3 0.676979
3 0.656035
3 0.676959
3 0.656057
3 0.676939
3 0.656078
3 0.676919
3 0.656099
3 0.676899
3 0.65612
3 0.67688
3 0.656141
3 0.67686
3 0.656161
3 0.676841
3 0.656182
3 0.676822
3 0.656202
3 0.676803
3 0.656223
3 0.676783
3 0.656243
3 0.676764
3 0.656263
3 0.676746
3 0.656283
3 0.676727
3 0.656303
3 0.676708
3 0.656323
3.1 0.699246
3.1 0.651933
3.1 0.70344
3.1 0.646697
3.1 0.708288
3.1 0.64051
3.1 0.713796
3.1 0.633302
3.1 0.719914
3.1 0.625077
3.1 0.726503
3.1 0.615959
3.1 0.733316
3.1 0.606247
3.1 0.740006
3.1 0.596432
3.1 0.746173
3.1 0.587137
3.1 0.751462
3.1 0.578977
3.1 0.755664
3.1 0.572371
3.1 0.758763
3.1 0.567428
3.1 0.760905
3.1 0.563978
3.1 0.762311
3.1 0.561698
3.1 0.763199
3.1 0.560251
3.1 0.763746
3.1 0.559357
3.1 0.764078
3.1 0.558815
3.1 0.764276
3.1 0.55849
3.1 0.764395
3.1 0.558296
3.1 0.764465
3.1 0.558181
3.1 0.764506
3.1 0.558113
3.1 0.764531
3.1 0.558073
3.1 0.764545
3.1 0.558049
3.1 0.764554
3.1 0.558035
3.1 0.764559
3.1 0.558026
3.1 0.764562
3.1 0.558021
3.1 0.764564
3.1 0.558018
3.1 0.764565
3.1 0.558017
3.1 0.764565
3.1 0.558016
3.1 0.764566
3.1 0.558015
3.1 0.764566
3.1 0.558015
3.1 0.764566
3.1 0.558015
3.1 0.764566
3.1 0.558015
3.1 0.764566
3.1 0.558015
3.1 0.764566
3.1 0.558015
3.1 0.764566
3.1 0.558015
3.1 0.764566
3.1 0.558015
3.1 0.764566
3.1 0.558015
3.1 0.764566
3.1 0.558015
3.1 0.764566
3.1 0.558015
3.1 0.764566
3.1 0.558015
3.1 0.764566
3.1 0.558015
3.1 0.764566
3.1 0.558015
3.1 0.764566
3.1 0.558015
3.1 0.764566
3.1 0.558015
3.1 0.764566
3.1 0.558015
3.1 0.764566
3.1 0.558015
3.1 0.764566
3.1 0.558015
3.1 0.764566
3.1 0.558015
3.1 0.764566
3.1 0.558015
3.2 0.78923
3.2 0.532308
3.2 0.79666
3.2 0.518378
3.2 0.798919
3.2 0.514072
3.2 0.799366
3.2 0.513215
3.2 0.799441
3.2 0.513072
3.2 0.799453
3.2 0.513049
3.2 0.799455
3.2 0.513045
3.2 0.799455
3.2 0.513045
3.2 0.799455
3.2 0.513045
3.2 0.799455
3.2 0.513045
3.2 0.799455
3.2 0.513045
3.2 0.799455
3.2 0.513045
3.2 0.799455
3.2 0.513045
3.2 0.799455
3.2 0.513045
3.2 0.799455
3.2 0.513045
3.2 0.799455
3.2 0.513045
3.2 0.799455
3.2 0.513045
3.2 0.799455
3.2 0.513045
3.2 0.799455
3.2 0.513045
3.2 0.799455
3.2 0.513045
3.2 0.799455
3.2 0.513045
3.2 0.799455
3.2 0.513045
3.2 0.799455
3.2 0.513045
3.2 0.799455
3.2 0.513045
3.2 0.799455
3.2 0.513045
3.2 0.799455
3.2 0.513045
3.2 0.799455
3.2 0.513045
3.2 0.799455
3.2 0.513045
3.2 0.799455
3.2 0.513045
3.2 0.799455
3.2 0.513045
3.2 0.799455
3.2 0.513045
3.2 0.799455
3.2 0.513045
3.2 0.799455
3.2 0.513045
3.2 0.799455
3.2 0.513045
3.2 0.799455
3.2 0.513045
3.2 0.799455
3.2 0.513045
3.2 0.799455
3.2 0.513045
3.2 0.799455
3.2 0.513045
3.2 0.799455
3.2 0.513045
3.2 0.799455
3.2 0.513045
3.2 0.799455
3.2 0.513045
3.2 0.799455
3.2 0.513045
3.2 0.799455
3.2 0.513045
3.2 0.799455
3.2 0.513045
3.2 0.799455
3.2 0.513045
3.2 0.799455
3.2 0.513045
3.2 0.799455
3.2 0.513045
3.2 0.799455
3.2 0.513045
3.2 0.799455
3.2 0.513045
3.2 0.799455
3.2 0.513045
3.3 0.824438
3.3 0.477641
3.3 0.82335
3.3 0.479968
3.3 0.823676
3.3 0.479273
3.3 0.823582
3.3 0.479472
3.3 0.823609
3.3 0.479414
3.3 0.823601
3.3 0.479431
3.3 0.823604
3.3 0.479426
3.3 0.823603
3.3 0.479428
3.3 0.823603
3.3 0.479427
3.3 0.823603
3.3 0.479427
3.3 0.823603
3.3 0.479427
3.3 0.823603
3.3 0.479427
3.3 0.823603
3.3 0.479427
3.3 0.823603
3.3 0.479427
3.3 0.823603
3.3 0.479427
3.3 0.823603
3.3 0.479427
3.3 0.823603
3.3 0.479427
3.3 0.823603
3.3 0.479427
3.3 0.823603
3.3 0.479427
3.3 0.823603
3.3 0.479427
3.3 0.823603
3.3 0.479427
3.3 0.823603
3.3 0.479427
3.3 0.823603
3.3 0.479427
3.3 0.823603
3.3 0.479427
3.3 0.823603
3.3 0.479427
3.3 0.823603
3.3 0.479427
3.3 0.823603
3.3 0.479427
3.3 0.823603
3.3 0.479427
3.3 0.823603
3.3 0.479427
3.3 0.823603
3.3 0.479427
3.3 0.823603
3.3 0.479427
3.3 0.823603
3.3 0.479427
3.3 0.823603
3.3 0.479427
3.3 0.823603
3.3 0.479427
3.3 0.823603
3.3 0.479427
3.3 0.823603
3.3 0.479427
3.3 0.823603
3.3 0.479427
3.3 0.823603
3.3 0.479427
3.3 0.823603
3.3 0.479427
3.3 0.823603
3.3 0.479427
3.3 0.823603
3.3 0.479427
3.3 0.823603
3.3 0.479427
3.3 0.823603
3.3 0.479427
3.3 0.823603
3.3 0.479427
3.3 0.823603
3.3 0.479427
3.3 0.823603
3.3 0.479427
3.3 0.823603
3.3 0.479427
3.3 0.823603
3.3 0.479427
3.3 0.823603
3.3 0.479427
3.3 0.823603
3.3 0.479427
3.4 0.848561
3.4 0.436918
3.4 0.83647
3.4 0.465079
3.4 0.845853
3.4 0.44331
3.4 0.839073
3.4 0.4591
3.4 0.844312
3.4 0.446927
3.4 0.840423
3.4 0.455982
3.4 0.843412
3.4 0.449032
3.4 0.841167
3.4 0.454256
3.4 0.842885
3.4 0.450261
3.4 0.841588
3.4 0.453279
3.4 0.842578
3.4 0.450976
3.4 0.841829
3.4 0.452721
3.4 0.8424
3.4 0.451392
3.4 0.841967
3.4 0.4524
3.4 0.842296
3.4 0.451633
3.4 0.842046
3.4 0.452215
3.4 0.842236
3.4 0.451772
3.4 0.842092
3.4 0.452109
3.4 0.842202
3.4 0.451853
3.4 0.842118
3.4 0.452047
3.4 0.842182
3.4 0.4519
3.4 0.842133
3.4 0.452012
3.4 0.84217
3.4 0.451927
3.4 0.842142
3.4 0.451991
3.4 0.842163
3.4 0.451942
3.4 0.842147
3.4 0.45198
3.4 0.84216
3.4 0.451951
3.4 0.84215
3.4 0.451973
3.4 0.842157
3.4 0.451956
3.4 0.842152
3.4 0.451969
3.4 0.842156
3.4 0.451959
3.4 0.842153
3.4 0.451967
3.4 0.842155
3.4 0.451961
3.4 0.842153
3.4 0.451965
3.4 0.842155
3.4 0.451962
3.4 0.842154
3.4 0.451965
3.4 0.842155
3.4 0.451963
3.4 0.842154
3.4 0.451964
3.4 0.842154
3.4 0.451963
3.4 0.842154
3.4 0.451964
3.4 0.842154
3.4 0.451963
3.4 0.842154
3.4 0.451964
3.4 0.842154
3.4 0.451963
3.4 0.842154
3.4 0.451964
3.4 0.842154
3.4 0.451963
3.4 0.842154
3.4 0.451964
3.4 0.842154
3.4 0.451963
3.4 0.842154
3.4 0.451964
3.4 0.842154
3.4 0.451963
3.4 0.842154
3.4 0.451964
3.5 0.866924
3.5 0.403785
3.5 0.842599
3.5 0.464191
3.5 0.870512
3.5 0.394524
3.5 0.836061
3.5 0.479719
3.5 0.87356
3.5 0.386585
3.5 0.829979
3.5 0.493898
3.5 0.874869
3.5 0.383155
3.5 0.827215
3.5 0.500256
3.5 0.875
3.5 0.382814
3.5 0.826936
3.5 0.500896
3.5 0.874997
3.5 0.38282
3.5 0.826941
3.5 0.500883
3.5 0.874997
3.5 0.38282
3.5 0.826941
3.5 0.500884
3.5 0.874997
3.5 0.38282
3.5 0.826941
3.5 0.500884
3.5 0.874997
3.5 0.38282
3.5 0.826941
3.5 0.500884
3.5 0.874997
3.5 0.38282
3.5 0.826941
3.5 0.500884
3.5 0.874997
3.5 0.38282
3.5 0.826941
3.5 0.500884
3.5 0.874997
3.5 0.38282
3.5 0.826941
3.5 0.500884
3.5 0.874997
3.5 0.38282
3.5 0.826941
3.5 0.500884
3.5 0.874997
3.5 0.38282
3.5 0.826941
3.5 0.500884
3.5 0.874997
3.5 0.38282
3.5 0.826941
3.5 0.500884
3.5 0.874997
3.5 0.38282
3.5 0.826941
3.5 0.500884
3.5 0.874997
3.5 0.38282
3.5 0.826941
3.5 0.500884
3.5 0.874997
3.5 0.38282
3.5 0.826941
3.5 0.500884
3.5 0.874997
3.5 0.38282
3.5 0.826941
3.5 0.500884
3.5 0.874997
3.5 0.38282
3.5 0.826941
3.5 0.500884
3.5 0.874997
3.5 0.38282
3.5 0.826941
3.5 0.500884
3.5 0.874997
3.5 0.38282
3.5 0.826941
3.5 0.500884
3.5 0.874997
3.5 0.38282
3.5 0.826941
3.5 0.500884
3.5 0.874997
3.5 0.38282
3.5 0.826941
3.5 0.500884
3.5 0.874997
3.5 0.38282
3.5 0.826941
3.5 0.500884
3.6 0.899997
3.6 0.324009
3.6 0.788498
3.6 0.600369
3.6 0.863734
3.6 0.423712
3.6 0.879048
3.6 0.38276
3.6 0.850517
3.6 0.457696
3.6 0.893557
3.6 0.342406
3.6 0.810591
3.6 0.552719
3.6 0.889994
3.6 0.352456
3.6 0.821631
3.6 0.527593
3.6 0.897259
3.6 0.331868
3.6 0.798233
3.6 0.579804
3.6 0.877072
3.6 0.388139
3.6 0.854954
3.6 0.446428
3.6 0.889668
3.6 0.353372
3.6 0.822601
3.6 0.525343
3.6 0.897687
3.6 0.330641
3.6 0.796742
3.6 0.582998
3.6 0.875201
3.6 0.393208
3.6 0.858944
3.6 0.436174
3.6 0.885334
3.6 0.365463
3.6 0.834839
3.6 0.496378
3.6 0.899953
3.6 0.324137
3.6 0.788659
3.6 0.600033
3.6 0.863976
3.6 0.423077
3.6 0.878698
3.6 0.383716
3.6 0.85132
3.6 0.455666
3.6 0.892924
3.6 0.344199
3.6 0.812613
3.6 0.548183
3.6 0.891642
3.6 0.347819
3.6 0.816627
3.6 0.53909
3.6 0.894499
3.6 0.339734
3.6 0.807533
3.6 0.559524
3.6 0.887245
3.6 0.360149
3.6 0.82959
3.6 0.508933
3.6 0.899712
3.6 0.324828
3.6 0.789533
3.6 0.598215
3.6 0.865274
3.6 0.419671
3.6 0.87677
3.6 0.38896
3.6 0.855612
3.6 0.444743
3.6 0.889008
3.6 0.355222
3.6 0.824542
3.6 0.520821
3.6 0.898439
3.6 0.328487
3.6 0.794099
3.6 0.58862
3.6 0.871727
3.6 0.402548
3.6 0.865811
3.6 0.418256
3.6 0.875944
3.6 0.391198
3.6 0.857383
3.6 0.440198
3.6 0.887125
3.6 0.360483
3.6 0.829925
3.6 0.508137
3.6 0.899761
3.6 0.324687
3.7 0.811281
3.7 0.566484
3.7 0.908645
3.7 0.307134
3.7 0.787369
3.7 0.619449
3.7 0.872207
3.7 0.412408
3.7 0.896612
3.7 0.342986
3.7 0.833782
3.7 0.51278
3.7 0.924395
3.7 0.258588
3.7 0.709364
3.7 0.762817
3.7 0.669431
3.7 0.818784
3.7 0.548994
3.7 0.916118
3.7 0.284329
3.7 0.752898
3.7 0.688358
3.7 0.793728
3.7 0.605777
3.7 0.883601
3.7 0.380546
3.7 0.872203
3.7 0.41242
3.7 0.89662
3.7 0.342963
3.7 0.833756
3.7 0.512846
3.7 0.924389
3.7 0.258607
3.7 0.709399
3.7 0.762763
3.7 0.669536
3.7 0.818653
3.7 0.549304
3.7 0.916005
3.7 0.284676
3.7 0.753451
3.7 0.687321
3.7 0.79517
3.7 0.602635
3.7 0.886024
3.7 0.373646
3.7 0.865928
3.7 0.429558
3.7 0.90664
3.7 0.313183
3.7 0.795867
3.7 0.601111
3.7 0.887173
3.7 0.37036
3.7 0.862815
3.7 0.437951
3.7 0.910754
3.7 0.300739
3.7 0.778091
3.7 0.638861
3.7 0.853655
3.7 0.462235
3.7 0.919723
3.7 0.273181
3.7 0.734646
3.7 0.721282
3.7 0.743827
3.7 0.705029
3.7 0.769464
3.7 0.65634
3.7 0.834563
3.7 0.510849
3.7 0.924564
3.7 0.258057
3.7 0.708416
3.7 0.764282
3.7 0.666572
3.7 0.822338
3.7 0.540563
3.7 0.918912
3.7 0.275697
3.7 0.738846
3.7 0.713924
3.7 0.755675
3.7 0.683131
3.7 0.800913
3.7 0.589971
3.7 0.895049
3.7 0.347564
3.7 0.839023
3.7 0.499734
3.7 0.924999
3.7 0.256689
3.7 0.705959
3.7 0.768049
3.7 0.659155
3.7 0.831278
3.7 0.518943
3.8 0.948636
3.8 0.185158
3.8 0.573322
3.8 0.929571
3.8 0.248783
3.8 0.710181
3.8 0.78213
3.8 0.647529
3.8 0.867294
3.8 0.437362
3.8 0.935091
3.8 0.230646
3.8 0.674303
3.8 0.83455
3.8 0.52469
3.8 0.947683
3.8 0.188403
3.8 0.581047
3.8 0.925039
3.8 0.263499
3.8 0.737456
3.8 0.735736
3.8 0.738828
3.8 0.733252
3.8 0.743255
3.8 0.725143
3.8 0.75738
3.8 0.69827
3.8 0.800618
3.8 0.606589
3.8 0.906827
3.8 0.321068
3.8 0.828337
3.8 0.54034
3.8 0.943816
3.8 0.201504
3.8 0.611421
3.8 0.902824
3.8 0.333384
3.8 0.844509
3.8 0.498992
3.8 0.949996
3.8 0.180514
3.8 0.562129
3.8 0.935331
3.8 0.229849
3.8 0.672669
3.8 0.836704
3.8 0.519195
3.8 0.9486
3.8 0.185282
3.8 0.573619
3.8 0.929404
3.8 0.249325
3.8 0.711216
3.8 0.780474
3.8 0.65107
3.8 0.863275
3.8 0.448519
3.8 0.939928
3.8 0.214559
3.8 0.640389
3.8 0.875105
3.8 0.415325
3.8 0.922754
3.8 0.270859
3.8 0.750479
3.8 0.711589
3.8 0.779874
3.8 0.652348
3.8 0.861802
3.8 0.452576
3.8 0.941454
3.8 0.209451
3.8 0.629209
3.8 0.886558
3.8 0.382176
3.8 0.897246
3.8 0.350343
3.8 0.864891
3.8 0.444048
3.8 0.938103
3.8 0.220648
3.8 0.653458
3.8 0.860513
3.8 0.456116
3.8 0.942682
3.8 0.205325
3.8 0.620033
3.8 0.895249
3.8 0.356356
3.8 0.871592
3.8 0.425293
3.8 0.928792
3.8 0.251324
3.8 0.715008
3.8 0.774332
3.8 0.66402
3.8 0.84777
3.8 0.490413
3.9 0.974641
3.9 0.0963913
3.9 0.33969
3.9 0.874772
3.9 0.427228
3.9 0.954346
3.9 0.169921
3.9 0.550087
3.9 0.965216
3.9 0.13094
3.9 0.4438
3.9 0.962682
3.9 0.140109
3.9 0.469866
3.9 0.971458
3.9 0.108136
3.9 0.376125
3.9 0.915154
3.9 0.302823
3.9 0.823373
3.9 0.567177
3.9 0.9574
3.9 0.159063
3.9 0.521672
3.9 0.973168
3.9 0.101837
3.9 0.356719
3.9 0.894935
3.9 0.366703
3.9 0.905704
3.9 0.333078
3.9 0.866334
3.9 0.451618
3.9 0.965871
3.9 0.128562
3.9 0.43693
3.9 0.959486
3.9 0.151602
3.9 0.501613
3.9 0.97499
3.9 0.0951012
3.9 0.335622
3.9 0.869621
3.9 0.442182
3.9 0.961962
3.9 0.142705
3.9 0.477126
3.9 0.972959
3.9 0.102608
3.9 0.35911
3.9 0.897584
3.9 0.358514
3.9 0.896929
3.9 0.360545
3.9 0.899154
3.9 0.353637
3.9 0.891454
3.9 0.377379
3.9 0.91636
3.9 0.298914
3.9 0.8173
3.9 0.58235
3.9 0.948552
3.9 0.190324
3.9 0.600994
3.9 0.935221
3.9 0.236273
3.9 0.703748
3.9 0.813098
3.9 0.592681
3.9 0.9415
3.9 0.214805
3.9 0.657788
3.9 0.877902
3.9 0.418042
3.9 0.948803
3.9 0.189445
3.9 0.598867
3.9 0.936879
3.9 0.230634
3.9 0.692023
3.9 0.831195
3.9 0.547207
3.9 0.966309
3.9 0.12697
3.9 0.432309
3.9 0.957129
3.9 0.160027
3.9 0.524233
3.9 0.97271
3.9 0.103528
3.9 0.361959
3.9 0.900684
3.9 0.348863
3.9 0.885915
3.9 0.394172
3.9 0.931322
3.9 0.24945
3.9 0.730176
3.9 0.768374
4 0.7119
4 0.820393
4 0.589394
4 0.968035
4 0.123775
4 0.433818
4 0.98248
4 0.0688541
4 0.256453
4 0.762738
4 0.723874
4 0.799522
4 0.641147
4 0.92031
4 0.293357
4 0.829195
4 0.566522
4 0.982299
4 0.069551
4 0.258855
4 0.767395
4 0.713999
4 0.816818
4 0.598505
4 0.961187
4 0.149227
4 0.507832
4 0.999754
4 0.00098252
4 0.00392622
4 0.0156432
4 0.0615939
4 0.2312
4 0.710987
4 0.821938
4 0.585423
4 0.970811
4 0.113348
4 0.402
4 0.961584
4 0.147762
4 0.503715
4 0.999944
4 0.000222194
4 0.000888577
4 0.00355115
4 0.0141541
4 0.0558152
4 0.210799
4 0.665452
4 0.890502
4 0.390031
4 0.951627
4 0.184132
4 0.600909
4 0.959269
4 0.156288
4 0.527447
4 0.996986
4 0.0120186
4 0.0474965
4 0.180962
4 0.59286
4 0.965508
4 0.13321
4 0.46186
4 0.994181
4 0.0231409
4 0.0904215
4 0.328982
4 0.883011
4 0.413212
4 0.969871
4 0.116886
4 0.412893
4 0.969649
4 0.117718
4 0.41544
4 0.971398
4 0.111134
4 0.395133
4 0.956011
4 0.168214
4 0.559673
4 0.985756
4 0.0561631
4 0.212035
4 0.668305
4 0.886694
4 0.401872
4 0.961483
4 0.148133
4 0.504758
4 0.999909
4 0.000363555
4 0.00145369
4 0.00580631
4 0.0230904
4 0.0902288
4 0.32835
