300 0 1 1
300 0.1 1.09249 0.849633
300 0.2 1.16994 0.699536
300 0.3 1.23245 0.551159
300 0.4 1.28027 0.405861
300 0.5 1.31377 0.264906
300 0.6 1.33344 0.129453
300 0.7 1.33988 0.000547916
300 0.8 1.33379 -0.120876
300 0.9 1.31598 -0.234006
300 1 1.28729 -0.33815
300 1.1 1.24867 -0.432739
300 1.2 1.20108 -0.517326
300 1.3 1.14555 -0.591581
300 1.4 1.08311 -0.655295
300 1.5 1.01484 -0.708371
300 1.6 0.941795 -0.750821
300 1.7 0.865029 -0.782761
300 1.8 0.785586 -0.804406
300 1.9 0.704481 -0.816057
300 2 0.622695 -0.818104
300 2.1 0.541165 -0.811009
300 2.2 0.46078 -0.795302
300 2.3 0.382372 -0.771572
300 2.4 0.306712 -0.740457
300 2.5 0.234504 -0.702637
300 2.6 0.166384 -0.658827
300 2.7 0.102914 -0.609762
300 2.8 0.044582 -0.556197
300 2.9 -0.00820036 -0.498891
300 3 -0.0550969 -0.438607
300 3.1 -0.0958476 -0.376097
300 3.2 -0.130267 -0.312099
300 3.3 -0.158242 -0.247333
300 3.4 -0.179731 -0.182488
300 3.5 -0.194759 -0.118224
300 3.6 -0.203416 -0.0551602
300 3.7 -0.20585 0.00612229
300 3.8 -0.202269 0.0650894
300 3.9 -0.192926 0.121255
300 4 -0.178126 0.174183
300 4.1 -0.15821 0.22349
300 4.2 -0.133559 0.268846
300 4.3 -0.104582 0.309977
300 4.4 -0.0717126 0.346659
300 4.5 -0.0354043 0.378727
300 4.6 0.00387499 0.406065
300 4.7 0.0456487 0.428609
300 4.8 0.0894364 0.446346
300 4.9 0.134759 0.45931
300 5 0.181142 0.467577
300 5.1 0.228122 0.471269
300 5.2 0.275248 0.470542
300 5.3 0.322089 0.465591
300 5.4 0.368233 0.456639
300 5.5 0.413292 0.443941
300 5.6 0.456905 0.427772
300 5.7 0.498741 0.40843
300 5.8 0.538496 0.386227
300 5.9 0.575901 0.36149
300 6 0.61072 0.334552
300 6.1 0.64275 0.305753
300 6.2 0.67182 0.275435
300 6.3 0.697797 0.243937
300 6.4 0.72058 0.211592
300 6.5 0.740098 0.178726
300 6.6 0.756318 0.145655
300 6.7 0.769233 0.112682
300 6.8 0.778867 0.080091
300 6.9 0.785273 0.0481521
300 7 0.788528 0.0171144
300 7.1 0.788733 -0.0127936
300 7.2 0.786013 -0.0413655
300 7.3 0.780511 -0.0684177
300 7.4 0.772386 -0.0937902
300 7.5 0.761814 -0.117347
300 7.6 0.748981 -0.138976
300 7.7 0.734086 -0.15859
300 7.79999 0.717332 -0.176125
300 7.89999 0.698931 -0.191538
300 7.99999 0.679096 -0.204813
300 8.09999 0.65804 -0.215951
300 8.2 0.635976 -0.224976
300 8.3 0.613114 -0.231929
300 8.4 0.589658 -0.236872
300 8.5 0.565804 -0.239881
300 8.6 0.541743 -0.241046
300 8.7 0.517653 -0.240472
300 8.8 0.493703 -0.238274
300 8.9 0.470048 -0.234578
300 9 0.446833 -0.229518
300 9.1 0.424185 -0.223233
300 9.2 0.402222 -0.215868
300 9.3 0.381043 -0.20757
300 9.4 0.360734 -0.198488
300 9.5 0.341367 -0.18877
300 9.6 0.322996 -0.178564
300 9.7 0.305665 -0.168014
300 9.8 0.2894 -0.15726
300 9.9 0.274216 -0.146435
300 10 0.260111 -0.13567
300 10.1 0.247076 -0.125082
300 10.2 0.235085 -0.114787
300 10.3 0.224105 -0.104885
300 10.4 0.214092 -0.0954729
300 10.5 0.204992 -0.0866327
300 10.6 0.196744 -0.0784387
300 10.7 0.18928 -0.0709539
300 10.8 0.182527 -0.0642306
300 10.9 0.176407 -0.0583106
300 11 0.170837 -0.053225
300 11.1 0.165734 -0.0489948
300 11.2 0.16101 -0.0456307
300 11.3 0.156579 -0.0431338
300 11.4 0.152354 -0.041496
300 11.5 0.148251 -0.0407004
300 11.6 0.144187 -0.0407222
300 11.7 0.140081 -0.0415288
300 11.8 0.135856 -0.0430812
300 11.9 0.131441 -0.0453338
300 12 0.126768 -0.0482362
300 12.1 0.121774 -0.0517329
300 12.2 0.116403 -0.0557648
300 12.3 0.110605 -0.0602697
300 12.4 0.104336 -0.0651829
300 12.5 0.0975573 -0.0704385
300 12.6 0.0902389 -0.0759692
300 12.7 0.0823565 -0.081708
300 12.8 0.0738926 -0.0875881
300 12.9 0.0648364 -0.0935438
300 13 0.0551835 -0.0995114
300 13.1 0.0449358 -0.105429
300 13.2 0.0341013 -0.111238
300 13.3 0.0226937 -0.116882
300 13.4 0.010732 -0.12231
300 13.5 -0.00175951 -0.127473
300 13.6 -0.0147522 -0.132327
300 13.7 -0.0282132 -0.136832
300 13.8 -0.0421058 -0.140953
300 13.9 -0.0563901 -0.144661
300 14 -0.0710233 -0.147928
300 14.1 -0.0859604 -0.150736
300 14.2 -0.101155 -0.153067
300 14.3 -0.116557 -0.15491
300 14.4 -0.13212 -0.15626
300 14.5 -0.147793 -0.157113
300 14.6 -0.163526 -0.157472
300 14.7 -0.179271 -0.157342
300 14.8 -0.194979 -0.156735
300 14.9 -0.210602 -0.155662
300 15 -0.226096 -0.154142
300 15.1 -0.241416 -0.152192
300 15.2 -0.256521 -0.149837
300 15.3 -0.271371 -0.147099
300 15.4 -0.285929 -0.144006
300 15.5 -0.300161 -0.140585
300 15.6 -0.314036 -0.136866
300 15.7 -0.327525 -0.132879
300 15.8 -0.340604 -0.128654
300 15.9 -0.353249 -0.124222
300 16 -0.365442 -0.119615
300 16.1 -0.377167 -0.114863
300 16.2 -0.388411 -0.109996
300 16.3 -0.399164 -0.105044
300 16.4 -0.409418 -0.100034
300 16.5 -0.41917 -0.0949934
300 16.6 -0.428417 -0.0899481
300 16.7 -0.43716 -0.0849216
300 16.8 -0.445402 -0.0799362
300 16.9 -0.453149 -0.0750119
300 17 -0.460407 -0.0701671
300 17.1 -0.467186 -0.0654181
300 17.2 -0.473495 -0.0607789
300 17.3 -0.479346 -0.0562618
300 17.4 -0.484751 -0.0518768
300 17.5 -0.489726 -0.0476317
300 17.6 -0.494283 -0.0435326
300 17.7 -0.498437 -0.0395834
300 17.8 -0.502204 -0.0357862
300 17.9 -0.505599 -0.0321412
300 18 -0.508638 -0.0286472
300 18.1 -0.511334 -0.0253009
300 18.2 -0.513703 -0.0220982
300 18.3 -0.515758 -0.019033
300 18.4 -0.517514 -0.0160986
300 18.5 -0.518982 -0.0132868
300 18.6 -0.520175 -0.0105889
300 18.7 -0.521103 -0.00799516
300 18.8 -0.521777 -0.00549541
300 18.9 -0.522205 -0.00307896
300 19 -0.522395 -0.000734859
300 19.1 -0.522354 0.00154802
300 19.2 -0.522087 0.00378084
300 19.3 -0.521599 0.00597465
300 19.4 -0.520893 0.00814026
300 19.5 -0.519972 0.0102882
300 19.6 -0.518836 0.0124284
300 19.7 -0.517486 0.0145705
300 19.8 -0.515921 0.0167233
300 19.9 -0.514141 0.0188949
300 20 -0.512142 0.021093
300 20.1 -0.509921 0.0233239
300 20.2 -0.507475 0.0255935
300 20.3 -0.504801 0.0279066
300 20.4 -0.501893 0.0302671
300 20.5 -0.498746 0.0326781
300 20.6 -0.495355 0.0351417
300 20.7 -0.491716 0.037659
300 20.8 -0.487822 0.0402303
300 20.9 -0.483668 0.042855
300 21 -0.479249 0.0455316
300 21.1 -0.47456 0.0482578
300 21.2 -0.469596 0.0510307
300 21.3 -0.464352 0.0538464
300 21.4 -0.458825 0.0567006
300 21.5 -0.453011 0.0595883
300 21.6 -0.446907 0.0625039
300 21.7 -0.440509 0.0654414
300 21.8 -0.433818 0.0683944
300 21.9 -0.42683 0.0713562
300 22 -0.419547 0.0743198
300 22.1 -0.411967 0.0772779
300 22.2 -0.404091 0.0802232
300 22.3 -0.395923 0.0831483
300 22.4 -0.387463 0.0860457
300 22.5 -0.378715 0.0889081
300 22.6 -0.369682 0.0917282
300 22.7001 -0.360371 0.0944988
300 22.8001 -0.350785 0.0972133
300 22.9001 -0.34093 0.0998648
300 23.0001 -0.330814 0.102447
300 23.1001 -0.320443 0.104954
300 23.2001 -0.309826 0.10738
300 23.3001 -0.29897 0.10972
300 23.4001 -0.287885 0.11197
300 23.5001 -0.276579 0.114124
300 23.6001 -0.265063 0.116179
300 23.7001 -0.253347 0.118131
300 23.8001 -0.241441 0.119978
300 23.9001 -0.229355 0.121716
300 24.0001 -0.217101 0.123345
300 24.1001 -0.20469 0.124861
300 24.2001 -0.192132 0.126265
300 24.3001 -0.179441 0.127555
300 24.4001 -0.166625 0.128731
300 24.5001 -0.153698 0.129792
300 24.6001 -0.140671 0.13074
300 24.7001 -0.127554 0.131575
300 24.8001 -0.114359 0.132298
300 24.9001 -0.101098 0.13291
300 25.0001 -0.0877811 0.133413
300 25.1001 -0.0744192 0.133809
300 25.2001 -0.0610229 0.1341
300 25.3001 -0.0476027 0.134287
300 25.4001 -0.0341688 0.134374
300 25.5001 -0.0207312 0.134362
300 25.6001 -0.00729951 0.134255
300 25.7001 0.0061167 0.134054
300 25.8001 0.0195083 0.133762
300 25.9001 0.0328663 0.133383
300 26.0001 0.046182 0.132917
300 26.1001 0.059447 0.132369
300 26.2001 0.0726531 0.13174
300 26.3001 0.0857924 0.131033
300 26.4001 0.0988571 0.13025
300 26.5001 0.11184 0.129393
300 26.6001 0.124733 0.128464
300 26.7001 0.13753 0.127466
300 26.8001 0.150224 0.1264
300 26.9001 0.162808 0.125268
300 27.0001 0.175276 0.124072
300 27.1001 0.18762 0.122812
300 27.2001 0.199836 0.121491
300 27.3001 0.211917 0.120109
300 27.4001 0.223856 0.118668
300 27.5001 0.235648 0.117168
300 27.6001 0.247288 0.11561
300 27.7001 0.258768 0.113995
300 27.8001 0.270085 0.112323
300 27.9001 0.281231 0.110596
300 28.0001 0.292202 0.108812
300 28.1001 0.302992 0.106974
300 28.2001 0.313595 0.105081
300 28.3001 0.324006 0.103133
300 28.4001 0.33422 0.101131
300 28.5001 0.34423 0.0990741
300 28.6001 0.354033 0.0969637
300 28.7001 0.363621 0.0947996
300 28.8001 0.372991 0.092582
300 28.9001 0.382136 0.0903112
300 29.0001 0.391051 0.0879876
300 29.1001 0.399732 0.0856115
300 29.2001 0.408172 0.0831833
300 29.3001 0.416367 0.0807036
300 29.4001 0.424311 0.0781729
300 29.5001 0.432 0.0755919
300 29.6001 0.439428 0.0729614
300 29.7001 0.44659 0.0702822
300 29.8001 0.453483 0.0675553
300 29.9001 0.4601 0.0647816
300 30.0001 0.466437 0.0619625
