300 0 1 1
300 0.1 1.09253 0.85086
300 0.2 1.17026 0.704344
300 0.3 1.23353 0.561721
300 0.4 1.28277 0.42414
300 0.5 1.31856 0.292625
300 0.6 1.34153 0.16807
300 0.7 1.35243 0.0512414
300 0.8 1.35206 -0.0572287
300 0.9 1.34128 -0.156837
300 1 1.321 -0.247207
300 1.1 1.29215 -0.328088
300 1.2 1.2557 -0.39935
300 1.3 1.2126 -0.460973
300 1.4 1.16383 -0.51305
300 1.5 1.11031 -0.555771
300 1.6 1.05297 -0.589417
300 1.7 0.992714 -0.614355
300 1.8 0.930378 -0.631025
300 1.9 0.866768 -0.639934
300 2 0.802632 -0.641642
300 2.1 0.73866 -0.636756
300 2.2 0.675479 -0.625919
300 2.3 0.613652 -0.6098
300 2.4 0.553672 -0.589087
300 2.5 0.495965 -0.564473
300 2.6 0.440885 -0.536654
300 2.7 0.388718 -0.506315
300 2.8 0.339683 -0.474125
300 2.9 0.293933 -0.440729
300 3 0.251557 -0.406743
300 3.1 0.212585 -0.372745
300 3.2 0.17699 -0.339275
300 3.3 0.144696 -0.306826
300 3.4 0.115576 -0.27584
300 3.5 0.0894658 -0.24671
300 3.6 0.0661611 -0.219773
300 3.7 0.0454284 -0.195312
300 3.8 0.0270086 -0.17355
300 3.9 0.0106227 -0.154657
300 4 -0.00402236 -0.138747
300 4.1 -0.0172281 -0.125877
300 4.2 -0.0292993 -0.116052
300 4.3 -0.0405387 -0.109229
300 4.4 -0.0512421 -0.105314
300 4.5 -0.061694 -0.104171
300 4.6 -0.0721629 -0.105622
300 4.7 -0.0828978 -0.109453
300 4.8 -0.0941247 -0.115418
300 4.9 -0.106043 -0.123243
300 5 -0.118825 -0.132629
300 5.1 -0.132611 -0.143263
300 5.2 -0.147508 -0.154813
300 5.3 -0.163593 -0.166942
300 5.4 -0.180905 -0.179309
300 5.5 -0.199451 -0.19157
300 5.6 -0.219204 -0.203389
300 5.7 -0.240103 -0.21444
300 5.8 -0.262056 -0.224409
300 5.9 -0.284939 -0.232998
300 6 -0.3086 -0.239932
300 6.1 -0.332862 -0.244958
300 6.2 -0.357521 -0.247851
300 6.3 -0.382354 -0.248413
300 6.4 -0.40712 -0.246481
300 6.5 -0.431562 -0.241919
300 6.6 -0.455413 -0.23463
300 6.7 -0.478395 -0.224548
300 6.8 -0.500229 -0.211646
300 6.9 -0.520631 -0.195928
300 7 -0.539322 -0.177435
300 7.1 -0.556028 -0.156244
300 7.2 -0.570484 -0.132462
300 7.3 -0.582438 -0.10623
300 7.4 -0.591654 -0.0777169
300 7.5 -0.597912 -0.0471222
300 7.6 -0.601016 -0.0146696
300 7.7 -0.600793 0.019393
300 7.79999 -0.597093 0.0547973
300 7.89999 -0.589798 0.0912569
300 7.99999 -0.578817 0.128471
300 8.09999 -0.564089 0.166125
300 8.2 -0.545588 0.203899
300 8.3 -0.523316 0.241463
300 8.4 -0.497313 0.27849
300 8.5 -0.467647 0.314649
300 8.6 -0.434423 0.349615
300 8.7 -0.397775 0.383071
300 8.8 -0.357869 0.414709
300 8.9 -0.314904 0.444232
300 9 -0.269103 0.471362
300 9.1 -0.22072 0.495837
300 9.2 -0.170032 0.517415
300 9.3 -0.117341 0.535877
300 9.4 -0.0629672 0.551028
300 9.5 -0.00725117 0.5627
300 9.6 0.049452 0.570751
300 9.7 0.106775 0.575068
300 9.8 0.164338 0.575569
300 9.9 0.221759 0.572198
300 10 0.278648 0.564933
300 10.1 0.334616 0.553783
300 10.2 0.389276 0.538783
300 10.3 0.442247 0.520003
300 10.4 0.493154 0.49754
300 10.5 0.541636 0.47152
300 10.6 0.587345 0.442095
300 10.7 0.629948 0.409445
300 10.8 0.669133 0.373774
300 10.9 0.704609 0.335309
300 11 0.73611 0.294299
300 11.1 0.763393 0.25101
300 11.2 0.786245 0.205727
300 11.3 0.804482 0.15875
300 11.4 0.817949 0.11039
300 11.5 0.826525 0.0609696
300 11.6 0.830119 0.0108189
300 11.7 0.828675 -0.039727
300 11.8 0.822171 -0.0903299
300 11.9 0.810619 -0.140651
300 12 0.794062 -0.190354
300 12.1 0.772579 -0.239107
300 12.2 0.746283 -0.286584
300 12.3 0.715316 -0.332469
300 12.4 0.679853 -0.376456
300 12.5 0.640098 -0.418254
300 12.6 0.596284 -0.457586
300 12.7 0.548671 -0.494192
300 12.8 0.497545 -0.52783
300 12.9 0.443212 -0.558281
300 13 0.386001 -0.585345
300 13.1 0.326262 -0.608845
300 13.2 0.264356 -0.628629
300 13.3 0.200664 -0.644569
300 13.4 0.135574 -0.656564
300 13.5 0.0694854 -0.664535
300 13.6 0.00280281 -0.668435
300 13.7 -0.0640649 -0.668237
300 13.8 -0.130708 -0.663947
300 13.9 -0.196719 -0.655591
300 14 -0.261693 -0.643226
300 14.1 -0.325233 -0.626931
300 14.2 -0.386951 -0.606812
300 14.3 -0.446472 -0.582995
300 14.4 -0.503432 -0.555634
300 14.5 -0.557486 -0.524901
300 14.6 -0.608306 -0.490989
300 14.7 -0.655585 -0.454111
300 14.8 -0.699037 -0.414497
300 14.9 -0.738402 -0.372393
300 15 -0.773442 -0.328061
300 15.1 -0.803948 -0.281772
300 15.2 -0.82974 -0.233813
300 15.3 -0.850665 -0.184474
300 15.4 -0.8666 -0.134059
300 15.5 -0.877451 -0.0828708
300 15.6 -0.883158 -0.0312204
300 15.7 -0.88369 0.0205819
300 15.8 -0.879047 0.0722257
300 15.9 -0.869261 0.123403
300 16 -0.854392 0.173809
300 16.1 -0.834535 0.223146
300 16.2 -0.809809 0.271124
300 16.3 -0.780365 0.317461
300 16.4 -0.74638 0.361887
300 16.5 -0.70806 0.404143
300 16.6 -0.665632 0.443987
300 16.7 -0.61935 0.481188
300 16.8 -0.56949 0.515536
300 16.9 -0.516345 0.546835
300 17 -0.46023 0.57491
300 17.1 -0.401476 0.599604
300 17.2 -0.340427 0.62078
300 17.3 -0.277441 0.638326
300 17.4 -0.212886 0.652146
300 17.5 -0.147138 0.66217
300 17.6 -0.0805801 0.668348
300 17.7 -0.0135977 0.670655
300 17.8 0.0534216 0.669086
300 17.9 0.120091 0.663659
300 18 0.186026 0.654415
300 18.1 0.250849 0.641417
300 18.2 0.314187 0.624747
300 18.3 0.375679 0.60451
300 18.4 0.434974 0.580831
300 18.5 0.491735 0.553854
300 18.6 0.54564 0.52374
300 18.7 0.596385 0.490668
300 18.8 0.643682 0.454836
300 18.9 0.687267 0.416452
300 19 0.726895 0.375743
300 19.1 0.762346 0.332944
300 19.2 0.793422 0.288304
300 19.3 0.819954 0.242081
300 19.4 0.841795 0.194542
300 19.5 0.858827 0.145958
300 19.6 0.870961 0.0966077
300 19.7 0.878133 0.0467725
300 19.8 0.880309 -0.0032643
300 19.9 0.877483 -0.0532189
300 20 0.869677 -0.102809
300 20.1 0.856942 -0.151754
300 20.2 0.839357 -0.19978
300 20.3 0.817026 -0.246615
300 20.4 0.790082 -0.291999
300 20.5 0.758683 -0.335678
300 20.6 0.723012 -0.377407
300 20.7 0.683275 -0.416956
300 20.8 0.639701 -0.454104
300 20.9 0.592541 -0.488647
300 21 0.542064 -0.520394
300 21.1 0.488561 -0.549171
300 21.2 0.432335 -0.57482
300 21.3 0.373706 -0.597202
300 21.4 0.313007 -0.616195
300 21.5 0.250583 -0.631697
300 21.6 0.186787 -0.643626
300 21.7 0.121979 -0.651919
300 21.8 0.0565259 -0.656536
300 21.9 -0.00920441 -0.657453
300 22 -0.0748414 -0.654671
300 22.1 -0.140016 -0.648209
300 22.2 -0.204362 -0.638107
300 22.3 -0.267518 -0.624427
300 22.4 -0.329131 -0.607248
300 22.5 -0.388854 -0.586671
300 22.6 -0.446355 -0.562814
300 22.7001 -0.501312 -0.535813
300 22.8001 -0.553418 -0.505823
300 22.9001 -0.602383 -0.473014
300 23.0001 -0.647933 -0.437572
300 23.1001 -0.689816 -0.399698
300 23.2001 -0.727799 -0.359605
300 23.3001 -0.761671 -0.31752
300 23.4001 -0.791244 -0.27368
300 23.5001 -0.816356 -0.22833
300 23.6001 -0.836869 -0.181726
300 23.7001 -0.852668 -0.134129
300 23.8001 -0.86367 -0.085805
300 23.9001 -0.869814 -0.0370257
300 24.0001 -0.871069 0.0119362
300 24.1001 -0.86743 0.0608071
300 24.2001 -0.85892 0.109314
300 24.3001 -0.845589 0.157185
300 24.4001 -0.827513 0.204154
300 24.5001 -0.804797 0.249959
300 24.6001 -0.777569 0.294343
300 24.7001 -0.745984 0.33706
300 24.8001 -0.71022 0.377871
300 24.9001 -0.67048 0.41655
300 25.0001 -0.626989 0.45288
300 25.1001 -0.57999 0.48666
300 25.2001 -0.529748 0.517701
300 25.3001 -0.476546 0.545831
300 25.4001 -0.420684 0.570894
300 25.5001 -0.362475 0.59275
300 25.6001 -0.302245 0.611278
300 25.7001 -0.240333 0.626376
300 25.8001 -0.177087 0.637959
300 25.9001 -0.112861 0.645965
300 26.0001 -0.0480149 0.650349
300 26.1001 0.0170872 0.651086
300 26.2001 0.0820806 0.648175
300 26.3001 0.146601 0.641632
300 26.4001 0.210287 0.631493
300 26.5001 0.272782 0.617818
300 26.6001 0.333735 0.600681
300 26.7001 0.392806 0.580181
300 26.8001 0.449663 0.556432
300 26.9001 0.503988 0.529567
300 27.0001 0.555478 0.499737
300 27.1001 0.603842 0.467109
300 27.2001 0.648812 0.431867
300 27.3001 0.690135 0.394208
300 27.4001 0.72758 0.354342
300 27.5001 0.760938 0.312494
300 27.6001 0.790021 0.268898
300 27.7001 0.814667 0.223797
300 27.8001 0.834738 0.177445
300 27.9001 0.850123 0.130102
300 28.0001 0.860734 0.0820317
300 28.1001 0.866514 0.0335046
300 28.2001 0.867429 -0.0152076
300 28.3001 0.863475 -0.063832
300 28.4001 0.854675 -0.112096
300 28.5001 0.841077 -0.15973
300 28.6001 0.822759 -0.206465
300 28.7001 0.799823 -0.252041
300 28.8001 0.772398 -0.296202
300 28.9001 0.740638 -0.338699
300 29.0001 0.704722 -0.379296
300 29.1001 0.66485 -0.417764
300 29.2001 0.621247 -0.453887
300 29.3001 0.574158 -0.487462
300 29.4001 0.523846 -0.518302
300 29.5001 0.470594 -0.546234
300 29.6001 0.414701 -0.571099
300 29.7001 0.356481 -0.59276
300 29.8001 0.29626 -0.611093
300 29.9001 0.234377 -0.625997
300 30.0001 0.171178 -0.637386
