2.32831e-07 0.62362
0.62362 0.982332
0.982332 0.527806
0.527806 0.684233
0.684233 0.850335
0.850335 0.332675
0.332675 0.380758
0.380758 0.792997
0.792997 0.222912
0.222912 0.0302911
0.0302911 0.522374
0.522374 0.549735
0.549735 0.475067
0.475067 0.702739
0.702739 0.333429
0.333429 0.609975
0.609975 0.861945
0.861945 0.511987
0.511987 0.968231
0.968231 0.425406
0.425406 0.611839
0.611839 0.370543
0.370543 0.633004
0.633004 0.956588
0.956588 0.410139
0.410139 0.0765222
0.0765222 0.310556
0.310556 0.687415
0.687415 0.306126
0.306126 0.445791
0.445791 0.946861
0.946861 0.144462
0.144462 0.683259
0.683259 0.769302
0.769302 0.36519
0.36519 0.374345
0.374345 0.18354
0.18354 0.173749
0.173749 0.423392
0.423392 0.0822051
0.0822051 0.726627
0.726627 0.713672
0.713672 0.179973
0.179973 0.38446
0.38446 0.0142846
0.0142846 0.273129
0.273129 0.0845876
0.0845876 0.378928
0.378928 0.160819
0.160819 0.605062
0.605062 0.458566
0.458566 0.98547
0.98547 0.34011
0.34011 0.0864857
0.0864857 0.781111
0.781111 0.760256
0.760256 0.589872
0.589872 0.0176226
0.0176226 0.54678
0.54678 0.636796
0.636796 0.163765
0.163765 0.543104
0.543104 0.70988
0.70988 0.796848
0.796848 0.0719847
0.0719847 0.523371
0.523371 0.981407
0.981407 0.124337
0.124337 0.70095
0.70095 0.934391
0.934391 0.494141
0.494141 0.945407
0.945407 0.652722
0.652722 0.623826
0.623826 0.601543
0.601543 0.00773251
0.00773251 0.194769
0.194769 0.501765
0.501765 0.82605
0.82605 0.902204
0.902204 0.960716
0.960716 0.494154
0.494154 0.222423
0.222423 0.380133
0.380133 0.792686
0.792686 0.837048
0.837048 0.67175
0.67175 0.269083
0.269083 0.865874
0.865874 0.539805
0.539805 0.871743
0.871743 0.940461
0.940461 0.485974
0.485974 0.095355
0.095355 0.0389482
0.0389482 0.531987
0.531987 0.200076
0.200076 0.765657
0.765657 0.588492
0.588492 0.378179
0.378179 0.111671
0.111671 0.0204852
0.0204852 0.306995
0.306995 0.351965
0.351965 0.54038
0.54038 0.957653
0.957653 0.784276
0.784276 0.0705548
0.0705548 0.417033
0.417033 0.782812
0.782812 0.119463
0.119463 0.168694
0.168694 0.0547276
0.0547276 0.676945
0.676945 0.167152
0.167152 0.0924275
0.0924275 0.186486
0.186486 0.629676
0.629676 0.839223
0.839223 0.116492
0.116492 0.410142
0.410142 0.0665325
0.0665325 0.22795
0.22795 0.538472
0.538472 0.431078
0.431078 0.348271
0.348271 0.566023
0.566023 0.252833
0.252833 0.743436
0.743436 0.470404
0.470404 0.289106
0.289106 0.157965
0.157965 0.640436
0.640436 0.54104
0.54104 0.716568
0.716568 0.0993626
0.0993626 0.694413
0.694413 0.865177
0.865177 0.115989
0.115989 0.302052
0.302052 0.0972148
0.0972148 0.713561
0.713561 0.167095
0.167095 0.495416
0.495416 0.501569
0.501569 0.10424
0.10424 0.0907243
0.0907243 0.183511
0.183511 0.254054
0.254054 0.174941
0.174941 0.958455
0.958455 0.764031
0.764031 0.160298
0.160298 0.974391
0.974391 0.94853
0.94853 0.449019
0.449019 0.173027
0.173027 0.750706
0.750706 0.563687
0.563687 0.190465
0.190465 0.643594
0.643594 0.0649794
0.0649794 0.076537
0.076537 0.0639166
0.0639166 0.0275995
0.0275995 0.308189
0.308189 0.718098
0.718098 0.813211
0.813211 0.185254
0.185254 0.449548
0.449548 0.375124
0.375124 0.509477
0.509477 0.667076
0.667076 0.0944255
0.0944255 0.811843
0.811843 0.52751
0.52751 0.625581
0.625581 0.179969
0.179969 0.68174
0.68174 0.292666
0.292666 0.243559
0.243559 0.886539
0.886539 0.845
0.845 0.501373
0.501373 0.819588
0.819588 0.593092
0.593092 0.757237
0.757237 0.768414
0.768414 0.901398
0.901398 0.954636
0.954636 0.945149
0.945149 0.904088
0.904088 0.107702
0.107702 0.429877
0.429877 0.834695
0.834695 0.274377
0.274377 0.529144
0.529144 0.837192
0.837192 0.447451
0.447451 0.947245
0.947245 0.848962
0.848962 0.767039
0.767039 0.730749
0.730749 0.578203
0.578203 0.574005
0.574005 0.928946
0.928946 0.537227
0.537227 0.238244
0.238244 0.0167294
0.0167294 0.761189
0.761189 0.519423
0.519423 0.637299
0.637299 0.918795
0.918795 0.881292
0.881292 0.455033
0.455033 0.446315
0.446315 0.856886
0.856886 0.205473
0.205473 0.768453
0.768453 0.671097
0.671097 0.821388
0.821388 0.815164
0.815164 0.264241
0.264241 0.281031
0.281031 0.608539
0.608539 0.898714
0.898714 0.338115
0.338115 0.545816
0.545816 0.916676
0.916676 0.346431
0.346431 0.181116
0.181116 0.783326
0.783326 0.287223
0.287223 0.827051
0.827051 0.742557
0.742557 0.471733
0.471733 0.281014
0.281014 0.423788
0.423788 0.467393
0.467393 0.929009
0.929009 0.530605
0.530605 0.15808
0.15808 0.0736221
0.0736221 0.0129432
0.0129432 0.55918
0.55918 0.979145
0.979145 0.885357
0.885357 0.544781
0.544781 0.506687
0.506687 0.0474966
0.0474966 0.487182
0.487182 0.40963
0.40963 0.153825
0.153825 0.390517
0.390517 0.715422
0.715422 0.536748
0.536748 0.884508
0.884508 0.258235
0.258235 0.25196
0.25196 0.212829
0.212829 0.477427
0.477427 0.757416
0.757416 0.336206
0.336206 0.431439
0.431439 0.867346
0.867346 0.592107
0.592107 0.360864
0.360864 0.231692
0.231692 0.266741
0.266741 0.988742
0.988742 0.36711
0.36711 0.229322
0.229322 0.288425
0.288425 0.133947
0.133947 0.70481
0.70481 0.793255
0.793255 0.95976
0.95976 0.703171
0.703171 0.373399
0.373399 0.570818
0.570818 0.769115
0.769115 0.308249
0.308249 0.809053
0.809053 0.314703
0.314703 0.135159
0.135159 0.942049
0.942049 0.133775
0.133775 0.214817
0.214817 0.939637
0.939637 0.748307
0.748307 0.132015
0.132015 0.188135
0.188135 0.0142524
0.0142524 0.694781
0.694781 0.470461
0.470461 0.829693
0.829693 0.722265
0.722265 0.977858
0.977858 0.926613
0.926613 0.977831
0.977831 0.0254493
0.0254493 0.236721
0.236721 0.641775
0.641775 0.0968237
0.0968237 0.677028
0.677028 0.905222
0.905222 0.664085
0.664085 0.930017
0.930017 0.431202
0.431202 0.279564
0.279564 0.297209
0.297209 0.126599
0.126599 0.409916
0.409916 0.129941
0.129941 0.020322
0.020322 0.795128
0.795128 0.0174631
0.0174631 0.934236
0.934236 0.995008
0.995008 0.186943
0.186943 0.0435805
0.0435805 0.0619229
0.0619229 0.424692
0.424692 0.962579
0.962579 0.845635
0.845635 0.486284
0.486284 0.282246
0.282246 0.744326
0.744326 0.75054
0.75054 0.853077
0.853077 0.171372
0.171372 0.908027
0.908027 0.0670256
0.0670256 0.983767
0.983767 0.337408
0.337408 0.817281
0.817281 0.348881
0.348881 0.141459
0.141459 0.0931724
0.0931724 0.953136
0.953136 0.799801
0.799801 0.637648
0.637648 0.175465
0.175465 0.642422
0.642422 0.960462
0.960462 0.607912
0.607912 0.797869
0.797869 0.337845
0.337845 0.0684392
0.0684392 0.0346821
0.0346821 0.415453
0.415453 0.652955
0.652955 0.731616
0.731616 0.345202
0.345202 0.467027
0.467027 0.605132
0.605132 0.80568
0.80568 0.162809
0.162809 0.610549
0.610549 0.769695
0.769695 0.616356
0.616356 0.0396642
0.0396642 0.217332
0.217332 0.29828
0.29828 0.916983
0.916983 0.249045
0.249045 0.140655
0.140655 0.00458628
0.00458628 0.222075
0.222075 0.965341
0.965341 0.0244194
0.0244194 0.970645
0.970645 0.407476
0.407476 0.409867
0.409867 0.667469
0.667469 0.37671
0.37671 0.71775
0.71775 0.790622
0.790622 0.209197
0.209197 0.507916
0.507916 0.571412
0.571412 0.114114
0.114114 0.152069
0.152069 0.140807
0.140807 0.804647
0.804647 0.197387
0.197387 0.48668
0.48668 0.762886
0.762886 0.24412
0.24412 0.458366
0.458366 0.434985
0.434985 0.328289
0.328289 0.749522
0.749522 0.312644
0.312644 0.577312
0.577312 0.502716
0.502716 0.116459
0.116459 0.254843
0.254843 0.378786
0.378786 0.600755
0.600755 0.480325
0.480325 0.952671
0.952671 0.3808
0.3808 0.6687
0.6687 0.11177
0.11177 0.931794
0.931794 0.573147
0.573147 0.416011
0.416011 0.744402
0.744402 0.679658
0.679658 0.712439
0.712439 0.94853
0.94853 0.825332
0.825332 0.246383
0.246383 0.602438
0.602438 0.506578
0.506578 0.329202
0.329202 0.670846
0.670846 0.601938
0.601938 0.661063
0.661063 0.0263112
0.0263112 0.810087
0.810087 0.875794
0.875794 0.670715
0.670715 0.345473
0.345473 0.400165
0.400165 0.154753
0.154753 0.953587
0.953587 0.222217
0.222217 0.426579
0.426579 0.0196961
0.0196961 0.87593
0.87593 0.572972
0.572972 0.132382
0.132382 0.975913
0.975913 0.311584
0.311584 0.285853
0.285853 0.242124
0.242124 0.833052
0.833052 0.674997
0.674997 0.868666
0.868666 0.229733
0.229733 0.156347
0.156347 0.381001
0.381001 0.144774
0.144774 0.708469
0.708469 0.804769
0.804769 0.934473
0.934473 0.637434
0.637434 0.271072
0.271072 0.821712
0.821712 0.103007
0.103007 0.533234
0.533234 0.358231
0.358231 0.193838
0.193838 0.875711
0.875711 0.365268
0.365268 0.983503
0.983503 0.243724
0.243724 0.161267
0.161267 0.806643
0.806643 0.39279
0.39279 0.671907
0.671907 0.428377
0.428377 0.214983
0.214983 0.986528
0.986528 0.513982
0.513982 0.741705
0.741705 0.818519
0.818519 0.082679
0.082679 0.528359
0.528359 0.896467
0.896467 0.684414
0.684414 0.348684
0.348684 0.780302
0.780302 0.604766
0.604766 0.859939
0.859939 0.980473
0.980473 0.437895
0.437895 0.93682
0.93682 0.327121
0.327121 0.956683
0.956683 0.0455381
0.0455381 0.470187
0.470187 0.661497
0.661497 0.946183
0.946183 0.790609
0.790609 0.850135
0.850135 0.535592
0.535592 0.697056
0.697056 0.528915
0.528915 0.714259
0.714259 0.457752
0.457752 0.985144
0.985144 0.584563
0.584563 0.184488
0.184488 0.386948
0.386948 0.45029
0.45029 0.589856
0.589856 0.379594
0.379594 0.114186
0.114186 0.898405
0.898405 0.880871
0.880871 0.651343
0.651343 0.551142
0.551142 0.897471
0.897471 0.214309
0.214309 0.497391
0.497391 0.316651
0.316651 0.745623
0.745623 0.821274
0.821274 0.354073
0.354073 0.261667
0.261667 0.139423
0.139423 0.0635776
0.0635776 0.722199
0.722199 0.823329
0.823329 0.120451
0.120451 0.208219
0.208219 0.328974
0.328974 0.348755
0.348755 0.128349
0.128349 0.0856455
0.0856455 0.279188
0.279188 0.77918
0.77918 0.238429
0.238429 0.647435
0.647435 0.398779
0.398779 0.335082
0.335082 0.911975
0.911975 0.689008
0.689008 0.223909
0.223909 0.0928977
0.0928977 0.837373
0.837373 0.253014
0.253014 0.338673
0.338673 0.593973
0.593973 0.690183
0.690183 0.478998
0.478998 0.0145619
0.0145619 0.876361
0.876361 0.890272
0.890272 0.914988
0.914988 0.354813
0.354813 0.5701
0.5701 0.684159
0.684159 0.556617
0.556617 0.396762
0.396762 0.946588
0.946588 0.130669
0.130669 0.129408
0.129408 0.875339
0.875339 0.0626903
0.0626903 0.818032
0.818032 0.379857
0.379857 0.600805
0.600805 0.390191
0.390191 0.39056
0.39056 0.390918
0.390918 0.653892
0.653892 0.571227
0.571227 0.213011
0.213011 0.187537
0.187537 0.851431
0.851431 0.190324
0.190324 0.750781
0.750781 0.14784
0.14784 0.18563
0.18563 0.703653
0.703653 0.49403
0.49403 0.985624
0.985624 0.190094
0.190094 0.916144
0.916144 0.503896
0.503896 0.319747
0.319747 0.435741
0.435741 0.647073
0.647073 0.908886
0.908886 0.0960661
0.0960661 0.609721
0.609721 0.474756
0.474756 0.929596
0.929596 0.377541
0.377541 0.880463
0.880463 0.700959
0.700959 0.259879
0.259879 0.268117
0.268117 0.501986
0.501986 0.925671
0.925671 0.882578
0.882578 0.986034
0.986034 0.860594
0.860594 0.872849
0.872849 0.647957
0.647957 0.352166
0.352166 0.417069
0.417069 0.357759
0.357759 0.192948
0.192948 0.209027
0.209027 0.247512
0.247512 0.536555
0.536555 0.0293509
0.0293509 0.536066
0.536066 0.135924
0.135924 0.8287
0.8287 0.879099
0.879099 0.276882
0.276882 0.421689
0.421689 0.152865
0.152865 0.58472
0.58472 0.143962
0.143962 0.0550458
0.0550458 0.366938
0.366938 0.173115
0.173115 0.916606
0.916606 0.563708
0.563708 0.052744
0.052744 0.900789
0.900789 0.997618
0.997618 0.883732
0.883732 0.0361341
0.0361341 0.358648
0.358648 0.244428
0.244428 0.257776
0.257776 0.283037
0.283037 0.964491
0.964491 0.340244
0.340244 0.653854
0.653854 0.0621211
0.0621211 0.421321
0.421321 0.220875
0.220875 0.407741
0.407741 0.514676
0.514676 0.969606
0.969606 0.32283
0.32283 0.0421176
0.0421176 0.0223543
0.0223543 0.511609
0.511609 0.668351
0.668351 0.46561
0.46561 0.0133796
0.0133796 0.935905
0.935905 0.0529663
0.0529663 0.00483072
0.00483072 0.0978657
0.0978657 0.220235
0.220235 0.851218
0.851218 0.972559
0.972559 0.672856
0.672856 0.140787
0.140787 0.206177
0.206177 0.72517
0.72517 0.387717
0.387717 0.66606
0.66606 0.618369
0.618369 0.412455
0.412455 0.110509
0.110509 0.36342
0.36342 0.199746
0.199746 0.872944
0.872944 0.285954
0.285954 0.396472
0.396472 0.108311
0.108311 0.377866
0.377866 0.825638
0.825638 0.941384
0.941384 0.929045
0.929045 0.176862
0.176862 0.921057
0.921057 0.100277
0.100277 0.0167386
0.0167386 0.0485821
0.0485821 0.420144
0.420144 0.63981
0.63981 0.0663643
0.0663643 0.309296
0.309296 0.657896
0.657896 0.13309
0.13309 0.426616
0.426616 0.982626
0.982626 0.88173
0.88173 0.333022
0.333022 0.922237
0.922237 0.083549
0.083549 0.662184
0.662184 0.855228
0.855228 0.200755
0.200755 0.219772
0.219772 0.929605
0.929605 0.498674
0.498674 0.869268
0.869268 0.96362
0.96362 0.527428
0.527428 0.782096
0.782096 0.936887
0.936887 0.697559
0.697559 0.422688
0.422688 0.524395
0.524395 0.328466
0.328466 0.88647
0.88647 0.964384
0.964384 0.547081
0.547081 0.485252
0.485252 0.979811
0.979811 0.830312
0.830312 0.826927
0.826927 0.318067
0.318067 0.396785
0.396785 0.553011
0.553011 0.67694
0.67694 0.0286653
0.0286653 0.297645
0.297645 0.765424
0.765424 0.783768
0.783768 0.564864
0.564864 0.0942463
0.0942463 0.556921
0.556921 0.179694
0.179694 0.725104
0.725104 0.902994
0.902994 0.58029
0.58029 0.477309
0.477309 0.178036
0.178036 0.393291
0.393291 0.800335
0.800335 0.945016
0.945016 0.912781
0.912781 0.734619
0.734619 0.0246983
0.0246983 0.251476
0.251476 0.885474
0.885474 0.595381
0.595381 0.607535
0.607535 0.957123
0.957123 0.877724
0.877724 0.396625
0.396625 0.966662
0.966662 0.0808751
0.0808751 0.832612
0.832612 0.27377
0.27377 0.804816
0.804816 0.320166
0.320166 0.183854
0.183854 0.449476
0.449476 0.175624
0.175624 0.752425
0.752425 0.943753
0.943753 0.970763
0.970763 0.784942
0.784942 0.0961207
0.0961207 0.565563
0.565563 0.0135131
0.0135131 0.168156
0.168156 0.859505
0.859505 0.845897
0.845897 0.207488
0.207488 0.634095
0.634095 0.955177
0.955177 0.382793
0.382793 0.684968
0.684968 0.116165
0.116165 0.608591
0.608591 0.355072
0.355072 0.806159
0.806159 0.321335
0.321335 0.638632
0.638632 0.638613
0.638613 0.764478
0.764478 0.817598
0.817598 0.438397
0.438397 0.525158
0.525158 0.524843
0.524843 0.950543
0.950543 0.23428
0.23428 0.559296
0.559296 0.798104
0.798104 0.729639
0.729639 0.451518
0.451518 0.259219
0.259219 0.00472377
0.00472377 0.0748832
0.0748832 0.2643
0.2643 0.736902
0.736902 0.430845
0.430845 0.064418
0.064418 0.658569
0.658569 0.483326
0.483326 0.0298679
0.0298679 0.0737528
0.0737528 0.585651
0.585651 0.834351
0.834351 0.572653
0.572653 0.947212
0.947212 0.0348241
0.0348241 0.882891
0.882891 0.0994917
0.0994917 0.592234
0.592234 0.10296
0.10296 0.853001
0.853001 0.87695
0.87695 0.637147
0.637147 0.38936
0.38936 0.201494
0.201494 0.312726
0.312726 0.0430478
0.0430478 0.293913
0.293913 0.962732
0.962732 0.53164
0.53164 0.810403
0.810403 0.0466955
0.0466955 0.102205
0.102205 0.565881
0.565881 0.171009
0.171009 0.547146
0.547146 0.894517
0.894517 0.362632
0.362632 0.905917
0.905917 0.340931
0.340931 0.59142
0.59142 0.0622138
0.0622138 0.679976
0.679976 0.312634
0.312634 0.895505
0.895505 0.249849
0.249849 0.533584
0.533584 0.922389
0.922389 0.0051864
0.0051864 0.134192
0.134192 0.922307
0.922307 0.0645842
0.0645842 0.246597
0.246597 0.855744
0.855744 0.944963
0.944963 0.876759
0.876759 0.558028
0.558028 0.378262
0.378262 0.650813
0.650813 0.0768256
0.0768256 0.342525
0.342525 0.666319
0.666319 0.566477
0.566477 0.656732
0.656732 0.454278
0.454278 0.10211
0.10211 0.833206
0.833206 0.0106986
0.0106986 0.334428
0.334428 0.344641
0.344641 0.59512
0.59512 0.826146
0.826146 0.561904
0.561904 0.0844327
0.0844327 0.529059
0.529059 0.315447
0.315447 0.334934
0.334934 0.396852
0.396852 0.656655
0.656655 0.616622
0.616622 0.648837
0.648837 0.6472
0.6472 0.829256
0.829256 0.441107
0.441107 0.185735
0.185735 0.150689
0.150689 0.526324
0.526324 0.296711
0.296711 0.181799
0.181799 0.0404215
0.0404215 0.857944
0.857944 0.863901
0.863901 0.787665
0.787665 0.046502
0.046502 0.912045
0.912045 0.353528
0.353528 0.687632
0.687632 0.139412
0.139412 0.836987
0.836987 0.924124
0.924124 0.993281
0.993281 0.240762
0.240762 0.300116
0.300116 0.486895
0.486895 0.677127
0.677127 0.454557
0.454557 0.212921
0.212921 0.476536
0.476536 0.0619386
0.0619386 0.522085
0.522085 0.863422
0.863422 0.415986
0.415986 0.131348
0.131348 0.453578
0.453578 0.846404
0.846404 0.353257
0.353257 0.677371
0.677371 0.539741
0.539741 0.432134
0.432134 0.49846
0.49846 0.550466
0.550466 0.196299
0.196299 0.264172
0.264172 0.639148
0.639148 0.527766
0.527766 0.344673
0.344673 0.526915
0.526915 0.162106
0.162106 0.565083
0.565083 0.281913
0.281913 0.97349
0.97349 0.759711
0.759711 0.448346
0.448346 0.243014
0.243014 0.454622
0.454622 0.148985
0.148985 0.110061
0.110061 0.108743
0.108743 0.839106
0.839106 0.381474
0.381474 0.126446
0.126446 0.962097
0.962097 0.466506
0.466506 0.572066
0.572066 0.16085
0.16085 0.446514
0.446514 0.522703
0.522703 0.124885
0.124885 0.369088
0.369088 0.128977
0.128977 0.978921
0.978921 0.784373
0.784373 0.0323168
0.0323168 0.321115
0.321115 0.984855
0.984855 0.0896999
0.0896999 0.933067
0.933067 0.0614437
0.0614437 0.856524
0.856524 0.0606167
0.0606167 0.240074
0.240074 0.211863
0.211863 0.0494778
0.0494778 0.192875
0.192875 0.917519
0.917519 0.871536
0.871536 0.757978
0.757978 0.0913448
0.0913448 0.924305
0.924305 0.561274
0.561274 0.0307818
0.0307818 0.318956
0.318956 0.719007
0.719007 0.88156
0.88156 0.544154
0.544154 0.289576
0.289576 0.836096
0.836096 0.597323
0.597323 0.422727
0.422727 0.28297
0.28297 0.549096
0.549096 0.352602
0.352602 0.748838
0.748838 0.909943
0.909943 0.886261
0.886261 0.468213
0.468213 0.650973
0.650973 0.605816
0.605816 0.514432
0.514432 0.525549
0.525549 0.11193
0.11193 0.980334
0.980334 0.256672
0.256672 0.68964
0.68964 0.887338
0.887338 0.102156
0.102156 0.259319
0.259319 0.974596
0.974596 0.17515
0.17515 0.0460311
0.0460311 0.074084
0.074084 0.904557
0.904557 0.926744
0.926744 0.280803
0.280803 0.170799
0.170799 0.273272
0.273272 0.940239
0.940239 0.726352
0.726352 0.646468
0.646468 0.955442
0.955442 0.126676
0.126676 0.557614
0.557614 0.146227
0.146227 0.972946
0.972946 0.589664
0.589664 0.0837903
0.0837903 0.261836
0.261836 0.269064
0.269064 0.409134
0.409134 0.280881
0.280881 0.923352
0.923352 0.893848
