0.818533 0.849332
0.849332 0.936758
0.936758 0.631268
0.950771 0.94032
0.94032 0.93603
0.93603 0.466762
0.433431 0.97209
0.97209 0.261247
0.603804 0.951124
0.949714 0.526984
0.649463 0.912483
0.180416 0.989856
0.898034 0.610618
0.879678 0.840457
0.721914 0.787918
0.329689 0.991814
0.991814 0.201997
0.73281 0.903174
0.903174 0.638221
0.763327 0.794053
0.841112 0.911825
0.640175 0.986527
0.986527 0.505183
0.729079 0.71669
0.355548 0.992774
0.992774 0.710814
0.903776 0.446791
0.655948 0.891188
0.891188 0.806672
0.806672 0.919895
0.942647 0.68
0.85435 0.666917
0.94004 0.749718
0.749718 0.982637
0.982637 0.218773
0.218773 0.98167
0.98167 0.894142
0.894142 0.512902
0.794905 0.717937
0.717937 0.997159
0.997159 0.786142
0.786142 0.674146
0.674146 0.89832
0.89832 0.851432
0.851432 0.716893
0.213725 0.993095
0.993095 0.914242
0.914242 0.727136
0.727136 0.840494
0.840494 0.91661
0.91661 0.745054
0.745054 0.793512
0.545075 0.910878
0.910878 0.503489
0.749198 0.803623
0.500755 0.90975
0.90975 0.89259
0.314691 0.96538
0.96538 0.355295
0.923392 0.443849
0.845383 0.772819
0.465131 0.956006
0.956006 0.581505
0.581505 0.892908
0.892908 0.51798
0.885116 0.584202
0.663361 0.923059
0.923059 0.46606
0.73387 0.770033
0.820495 0.659847
0.899205 0.86341
0.430717 0.956702
0.956702 0.381477
0.433565 0.941465
0.941465 0.586347
0.769654 0.898775
0.350184 0.968941
0.739803 0.885689
0.893792 0.917352
0.777037 0.988472
0.988472 0.30806
0.937066 0.58791
0.952891 0.600906
0.720099 0.754625
0.986917 0.799668
0.590532 0.912066
0.912066 0.623899
0.633757 0.949628
0.986888 0.797539
0.797539 0.604186
0.630267 0.893858
0.893858 0.7475
0.743841 0.876348
0.876348 0.988019
0.988019 0.898118
0.81296 0.939449
0.880628 0.869497
0.721823 0.788578
0.75722 0.746938
0.972931 0.670315
0.670315 0.938108
0.938108 0.751976
0.655976 0.77817
0.748756 0.8492
0.8492 0.880499
0.878566 0.79744
0.589379 0.983815
0.983815 0.728958
0.728958 0.862104
0.594306 0.854886
0.854886 0.609139
0.535555 0.911123
0.911123 0.99045
0.99045 0.413233
0.67458 0.784862
0.806323 0.714381
0.836913 0.916146
0.916146 0.890329
0.890329 0.889247
0.806357 0.889445
0.889445 0.562849
0.910332 0.954645
0.934133 0.675519
0.792291 0.683115
0.925839 0.842428
0.837265 0.577235
0.651533 0.771445
0.771445 0.909026
0.909026 0.451459
0.778147 0.87654
0.87654 0.733613
0.733613 0.935407
0.535694 0.998444
0.998444 0.303033
0.485391 0.919862
0.919862 0.675465
0.675465 0.925508
0.925508 0.650639
0.787436 0.843346
0.656814 0.760845
0.387378 0.985236
0.985236 0.225847
0.578575 0.908362
0.908362 0.532126
0.365585 0.986982
0.986982 0.491187
0.586417 0.871759
0.871759 0.601742
0.916242 0.542825
0.415345 0.927067
0.543957 0.881912
0.785542 0.679867
0.801223 0.859144
0.859144 0.730265
0.559883 0.949928
0.949928 0.851599
0.761722 0.754046
0.833171 0.567405
0.296644 0.965104
0.965104 0.599525
0.632741 0.963552
0.963552 0.352818
0.847323 0.821159
0.738869 0.858589
0.858589 0.541356
0.776484 0.95579
0.95579 0.454111
0.867073 0.861615
0.744449 0.963038
0.963038 0.313065
0.406924 0.94871
0.94871 0.617287
0.63583 0.907502
0.825794 0.714288
0.714288 0.8465
0.8465 0.969437
0.969437 0.657979
0.980455 0.747891
0.632953 0.778493
0.918006 0.579167
0.579167 0.896109
0.896109 0.593514
0.945791 0.709349
0.827158 0.579902
0.579902 0.980565
0.980565 0.420068
0.952735 0.455062
0.873248 0.493758
0.77356 0.896461
0.263227 0.973489
0.973489 0.818848
0.745073 0.736086
0.70405 0.92716
0.92716 0.450988
0.458195 0.986504
0.986504 0.31782
0.81924 0.981036
0.981036 0.820754
0.795793 0.864095
0.822648 0.630753
0.951954 0.46044
0.88249 0.938567
0.938567 0.493793
0.751908 0.676305
0.70075 0.939269
0.939269 0.460815
0.487029 0.98406
0.98406 0.782636
0.782636 0.750027
0.539346 0.92026
0.92026 0.773792
0.65753 0.755845
0.950271 0.808174
0.808174 0.634485
0.585414 0.890409
0.890409 0.920995
0.920995 0.466045
0.263601 0.984785
0.984785 0.897219
0.897219 0.946529
0.946529 0.989605
0.989605 0.942844
0.93118 0.536551
0.927345 0.809674
0.945775 0.386788
0.797559 0.675585
0.606286 0.898023
0.898023 0.547574
0.406158 0.938042
0.938042 0.846758
0.728634 0.916699
0.916699 0.915648
0.549024 0.928049
0.823771 0.753866
0.753866 0.741471
0.741471 0.705533
0.388464 0.963427
0.886352 0.620363
0.645637 0.924727
0.967142 0.675009
0.675009 0.811727
0.811727 0.754785
0.85245 0.835669
0.835669 0.941275
0.941275 0.656436
0.77825 0.697908
0.709477 0.941659
0.941659 0.400968
0.878021 0.662388
0.514074 0.904089
0.293612 0.983398
0.544457 0.915893
0.915893 0.832445
0.709059 0.92114
0.92114 0.971665
0.971665 0.790492
0.331759 0.9553
0.9553 0.344545
0.904001 0.789221
0.789221 0.676858
0.650014 0.930509
0.930509 0.525855
0.5711 0.977288
0.977288 0.993917
0.993917 0.375542
0.497987 0.944606
0.944606 0.941038
0.409653 0.959565
0.959565 0.542809
0.453319 0.914459
0.914459 0.934251
0.934251 0.638691
0.638691 0.857962
0.858598 0.681091
0.628443 0.820818
0.689327 0.82376
0.721803 0.754384
0.754384 0.932341
0.525812 0.965447
0.965447 0.3843
0.732438 0.985938
0.985938 0.616579
0.616579 0.95214
0.95214 0.525634
0.525634 0.936239
0.936239 0.948206
0.905788 0.90945
0.90945 0.454553
0.880172 0.708938
0.329989 0.972698
0.717158 0.736991
0.736991 0.728169
0.728169 0.950861
0.950861 0.963688
0.963688 0.832758
0.681331 0.92717
0.92717 0.670717
0.607889 0.94446
0.936965 0.7338
0.642871 0.887039
0.601621 0.823571
0.823571 0.584345
0.584345 0.89145
0.436801 0.956359
0.956359 0.341851
0.876054 0.89232
0.89232 0.642323
0.797002 0.811128
0.93747 0.718534
0.803092 0.74275
0.74275 0.959648
0.83112 0.863783
0.614052 0.79554
0.79554 0.877247
0.892798 0.591297
0.798569 0.608004
0.608004 0.888714
0.942153 0.999985
0.999985 0.266453
0.750255 0.740428
0.706928 0.97428
0.97428 0.42114
0.970802 0.901773
0.818921 0.944571
0.944571 0.725625
0.583104 0.826983
0.443436 0.948236
0.948236 0.600851
0.600851 0.892652
0.443819 0.921267
0.921267 0.404494
0.359241 0.976935
0.976935 0.667515
0.667515 0.996327
0.996327 0.927112
0.927112 0.753429
0.753429 0.87953
0.722054 0.904463
0.904463 0.850468
0.850468 0.788385
0.401237 0.931343
0.931343 0.649512
0.842001 0.727946
0.6853 0.765812
0.898771 0.646171
0.911872 0.494312
0.91754 0.446524
0.402115 0.932296
0.878517 0.971171
0.971171 0.58174
0.294111 0.990365
0.961255 0.945549
0.931965 0.718836
0.593079 0.900056
0.680895 0.928581
0.613477 0.817484
0.617425 0.874573
0.464397 0.981888
0.981888 0.621238
0.880366 0.501239
0.655195 0.803701
0.803701 0.951016
0.951016 0.78139
0.522849 0.899625
0.524655 0.994709
0.994709 0.204825
0.776939 0.752553
0.754794 0.999537
0.999537 0.828464
0.394475 0.979954
0.979954 0.884391
0.884391 0.614679
0.544361 0.969518
0.969518 0.572228
0.894493 0.555185
0.455396 0.980547
0.980547 0.558263
0.832154 0.975198
0.975198 0.489705
0.644962 0.799343
0.799343 0.875563
0.940692 0.784396
0.946341 0.70939
0.70939 0.994338
0.994338 0.557871
0.484986 0.884418
0.884418 0.689351
0.689351 0.766463
0.984775 0.336444
0.336444 0.977522
0.977522 0.488369
0.590848 0.899885
0.810378 0.770927
0.770927 0.772686
0.772686 0.848701
0.659317 0.87995
0.87995 0.85359
0.85359 0.62925
0.684677 0.739965
0.739965 0.958962
0.958962 0.676221
0.900412 0.643638
0.783184 0.99147
0.99147 0.562282
0.811054 0.671688
0.372956 0.967747
0.967747 0.295042
0.789674 0.851441
0.851441 0.648513
0.121208 0.996215
0.996215 0.346312
0.664222 0.963267
0.963267 0.875984
0.286709 0.965572
0.965572 0.724461
0.385745 0.999726
0.999726 0.960792
0.960792 0.48396
0.528944 0.948374
0.759052 0.892007
0.896508 0.968051
0.968051 0.626475
0.626475 0.900222
0.900222 0.592309
0.592309 0.882827
0.882827 0.653567
0.714686 0.759463
0.759463 0.863908
0.863908 0.921659
0.921659 0.874971
0.874971 0.896001
0.896001 0.796704
0.870349 0.678534
0.45572 0.923627
0.810095 0.926234
0.889271 0.739517
0.369325 0.963242
0.963242 0.961414
0.961414 0.493099
0.801234 0.818209
0.818209 0.958457
0.958457 0.532706
0.683964 0.819462
0.760599 0.812696
0.50238 0.946903
0.946903 0.776279
0.923985 0.772025
0.772025 0.666809
0.666809 0.882723
0.664842 0.894076
0.894076 0.612335
0.961868 0.764958
0.929297 0.916681
0.916681 0.906029
0.906029 0.448759
0.917875 0.59073
0.968521 0.917714
0.969564 0.537154
0.546408 0.939302
0.939302 0.571158
0.571158 0.961508
0.961508 0.429741
0.780267 0.895612
0.578421 0.939673
0.939673 0.962829
0.962829 0.850998
0.781816 0.740772
0.740772 0.961554
0.961554 0.408892
0.842103 0.808156
0.910472 0.545397
0.649848 0.963455
0.963455 0.445155
0.743165 0.753634
0.30539 0.984591
0.984591 0.818401
0.818401 0.750442
0.656583 0.88075
0.922505 0.535419
0.677043 0.925879
0.925879 0.605582
0.605582 0.92813
0.92813 0.747026
0.835923 0.772714
0.388884 0.991353
0.991353 0.374602
0.374602 0.982009
0.982009 0.268527
0.98889 0.98881
0.98881 0.20521
0.900671 0.888841
0.5722 0.916683
0.916683 0.79384
0.327874 0.987315
0.987315 0.552026
0.605593 0.986135
0.423775 0.943233
0.316882 0.970525
0.970525 0.80391
0.80391 0.721187
0.721187 0.805059
0.870518 0.695784
0.449111 0.96751
0.581698 0.949865
0.949865 0.512524
0.882115 0.48104
0.48104 0.893256
0.596124 0.97469
0.97469 0.458106
0.473984 0.961041
0.777388 0.885036
0.885036 0.958953
0.958953 0.624345
0.756371 0.979985
0.719141 0.90469
0.90469 0.492792
0.167569 0.998345
0.998345 0.751761
0.751761 0.698602
0.92956 0.994432
0.994432 0.705342
0.756666 0.845363
0.618434 0.812146
0.893659 0.476096
0.591307 0.895549
0.895549 0.627977
0.967915 0.853273
0.682498 0.888321
0.348559 0.962677
0.962677 0.434069
0.807043 0.903359
0.903359 0.431583
0.734529 0.691949
0.691949 0.988858
0.988858 0.492508
0.914289 0.840265
0.840265 0.637882
0.796414 0.682787
0.700589 0.825347
0.327781 0.948789
0.948789 0.980005
0.980005 0.835768
0.835768 0.895717
0.895717 0.974992
0.918761 0.658286
0.658286 0.878413
0.818651 0.612526
0.612526 0.857543
0.550303 0.958547
0.936616 0.594013
0.594013 0.947696
0.947696 0.557506
0.752159 0.970553
0.970553 0.385773
0.300002 0.997012
0.997012 0.978188
0.835076 0.784124
0.784124 0.819656
0.819656 0.968956
0.968956 0.493095
0.56896 0.996107
0.996107 0.77223
0.77223 0.924548
0.924548 0.720323
0.90315 0.579252
0.870509 0.513533
0.709445 0.706797
0.858749 0.892689
0.892689 0.56606
0.56606 0.983231
0.983231 0.326977
0.488196 0.983421
0.983421 0.257003
0.868222 0.992583
0.992583 0.153068
0.495679 0.869597
0.869597 0.840673
0.397429 0.985877
0.985877 0.575962
0.712176 0.714867
0.834317 0.802309
0.777188 0.73439
0.453661 0.991017
0.171435 0.995581
0.405075 0.971564
0.971564 0.985329
0.985329 0.780592
0.726403 0.710623
0.631276 0.977423
0.977423 0.819008
0.819008 0.974555
0.974555 0.87291
0.913475 0.717587
0.475287 0.985126
0.685543 0.972644
0.972644 0.755777
0.690995 0.746692
0.282039 0.971371
0.971371 0.245505
0.966014 0.322221
0.653224 0.932122
0.811453 0.662161
0.537038 0.973646
0.973646 0.68066
0.894445 0.886147
0.541279 0.985595
0.498716 0.870036
0.622834 0.864338
0.823732 0.962966
0.962966 0.870297
0.870297 0.62922
0.837614 0.859097
0.611409 0.99356
0.99356 0.882018
0.84859 0.744001
0.744001 0.946979
0.946979 0.841658
0.416 0.949158
0.949158 0.834873
0.834873 0.962697
0.656421 0.808367
0.808367 0.881343
0.799654 0.976303
0.976303 0.963507
0.963507 0.44746
0.831024 0.923882
0.923882 0.452264
0.507482 0.935343
0.935343 0.513034
0.83684 0.869686
0.869686 0.823419
0.632637 0.896203
0.77687 0.953825
0.953825 0.322773
0.920195 0.562178
0.793296 0.617385
0.931942 0.522329
0.745939 0.902881
0.902881 0.801565
0.803026 0.853537
0.614305 0.834047
0.834047 0.810535
0.784088 0.933117
0.933117 0.969645
0.969645 0.947312
0.947312 0.879244
0.879244 0.579424
0.767642 0.816419
0.993753 0.533207
0.95793 0.458157
0.383628 0.999071
0.999071 0.798795
0.371042 0.929085
0.929085 0.625826
0.625826 0.807225
0.807225 0.811235
0.811235 0.768805
0.820886 0.588641
0.951618 0.656734
0.768825 0.677197
0.598479 0.877202
0.877202 0.507183
0.850797 0.611955
0.537659 0.890547
0.716997 0.883734
0.883734 0.621496
0.443466 0.933312
0.943685 0.788287
0.714104 0.912887
0.912887 0.523635
0.541995 0.961605
0.644873 0.910112
0.910112 0.500185
0.934832 0.738295
0.656358 0.995474
0.995474 0.245176
0.705169 0.988952
0.988952 0.216772
0.216772 0.985109
0.985109 0.948541
0.948541 0.90194
0.90194 0.942102
0.942102 0.450385
0.883133 0.989421
0.989421 0.943189
0.758707 0.750913
0.750913 0.925994
0.925994 0.671642
0.718247 0.818085
0.818085 0.882879
0.898343 0.912066
0.912066 0.567977
0.863822 0.894158
0.665557 0.758198
0.655233 0.763415
0.708061 0.83706
0.776066 0.927908
0.537685 0.93212
0.93212 0.84968
0.96016 0.415927
0.681021 0.902663
0.902663 0.970217
0.970217 0.282102
0.801317 0.872637
0.872637 0.528673
0.955758 0.566496
0.90624 0.884286
0.884286 0.618481
0.618481 0.814823
0.665396 0.930792
0.930792 0.495454
0.754988 0.809005
0.809005 0.985434
0.985434 0.709356
0.709356 0.951659
0.761331 0.709762
0.553856 0.964791
0.880015 0.924019
0.924019 0.752695
0.90663 0.818074
0.818074 0.70601
0.70601 0.871725
0.375363 0.952127
0.8715 0.507527
0.507527 0.921197
0.921197 0.437454
0.831902 0.958164
0.958164 0.667256
0.667256 0.908084
0.908084 0.970204
0.970204 0.324659
0.78238 0.808709
0.808709 0.790205
0.790205 0.989133
0.989133 0.504019
0.504019 0.98347
0.98347 0.459198
0.292738 0.992608
0.992608 0.261529
0.773041 0.84976
0.84976 0.72578
0.589796 0.927555
0.885237 0.822853
0.56967 0.896917
0.896917 0.872475
0.828685 0.941149
0.941149 0.777419
0.762992 0.963376
0.963376 0.286835
0.829723 0.732418
0.875474 0.777214
0.777408 0.800251
0.625724 0.867036
0.867036 0.573026
0.573026 0.930217
0.930217 0.49182
0.88235 0.548567
0.867829 0.8099
0.795743 0.622484
0.96065 0.389462
0.389462 0.994915
0.994915 0.158494
0.759627 0.727945
0.727945 0.721597
0.605112 0.86915
0.86915 0.612623
0.612623 0.993316
0.993316 0.896822
0.931372 0.812705
0.692921 0.792863
0.42977 0.999287
0.999287 0.219064
0.577825 0.952342
0.952342 0.700739
0.7013 0.841648
0.841648 0.562608
0.787115 0.639918
0.639918 0.804654
0.804654 0.720096
0.814711 0.833142
0.921332 0.809382
0.673693 0.95189
0.77441 0.80879
0.875726 0.862342
0.635661 0.908854
0.908854 0.472647
0.699367 0.923196
0.923196 0.708086
0.708086 0.768568
0.892441 0.915738
0.302096 0.963387
0.963387 0.456958
0.616589 0.873842
0.873842 0.924133
0.79142 0.988889
0.988889 0.518824
0.974914 0.384693
0.527761 0.857935
0.31158 0.967701
0.967701 0.482927
0.69496 0.986321
0.986321 0.20543
0.884066 0.664623
0.985475 0.674038
0.7478 0.760189
0.573994 0.915509
0.915509 0.626222
0.626222 0.997746
0.997746 0.496042
0.409528 0.918321
0.787236 0.695141
0.862972 0.700351
0.700351 0.801799
0.632972 0.858145
0.34619 0.986456
0.314163 0.961596
0.831031 0.751207
0.257837 0.979507
0.979507 0.267396
0.473423 0.98682
0.98682 0.355404
0.926691 0.856453
0.805068 0.621276
0.708194 0.959246
0.959246 0.592496
0.987762 0.913509
0.913509 0.681981
0.636834 0.845217
0.845217 0.713684
0.713684 0.919066
0.840196 0.84768
0.887055 0.868519
0.868519 0.571489
0.500738 0.887657
0.887657 0.572564
0.572564 0.95838
0.95838 0.348578
0.695095 0.975619
0.975619 0.278554
0.763189 0.999104
0.999104 0.568364
0.869333 0.932353
0.932353 0.764354
0.764354 0.797053
0.797053 0.861059
0.861059 0.715832
0.715832 0.846824
0.623602 0.859159
0.426912 0.964155
0.964155 0.502046
0.907316 0.715607
0.462196 0.975865
0.975865 0.286271
0.956089 0.515677
0.723897 0.799433
0.799433 0.823975
0.823975 0.647421
0.624649 0.834345
0.834345 0.768352
0.823223 0.677132
0.677132 0.96083
0.435083 0.969042
0.969042 0.5666
0.525374 0.930615
0.444036 0.978284
0.895828 0.538582
0.538582 0.968271
0.968271 0.821663
0.961176 0.350845
0.337408 0.965441
0.965441 0.982005
0.707896 0.991352
0.991352 0.993251
0.993251 0.729504
0.823671 0.871078
0.588897 0.896901
0.737174 0.882027
0.882027 0.900688
0.900688 0.808778
0.690327 0.911486
0.911486 0.45132
0.45132 0.987313
0.987313 0.36247
0.917246 0.456512
0.812091 0.69533
0.706165 0.867041
0.48609 0.948692
0.948692 0.971579
0.971579 0.925103
0.925103 0.749288
0.816497 0.670687
0.670687 0.907003
0.907003 0.821504
0.821504 0.98602
0.98602 0.467542
0.467542 0.90288
0.90288 0.97193
0.847284 0.782111
0.693344 0.888036
0.888036 0.695491
0.588688 0.814751
0.880281 0.64686
0.893731 0.924018
0.924018 0.572828
0.906664 0.756774
0.756774 0.828198
0.285051 0.991197
0.991197 0.234959
0.890852 0.66037
0.66037 0.883557
0.822544 0.835853
0.941518 0.948802
0.60234 0.945115
0.945115 0.984264
0.984264 0.445712
0.955601 0.388714
0.367377 0.96821
0.489773 0.971233
0.413315 0.965969
0.965969 0.491933
0.491933 0.914523
0.914523 0.945615
0.945615 0.853032
0.777585 0.700404
0.700404 0.752172
0.657541 0.878069
0.878069 0.583335
0.81322 0.594065
0.74762 0.924325
0.924325 0.967518
0.967518 0.513931
0.455715 0.940047
0.940047 0.725475
0.725475 0.819684
0.526406 0.988505
0.988505 0.837577
0.887428 0.96779
0.841436 0.832039
0.832039 0.697922
0.890508 0.605471
0.707977 0.760771
0.760771 0.774067
0.676466 0.840041
0.840041 0.608207
0.682155 0.932134
0.505711 0.878948
0.878948 0.867086
0.867086 0.785068
0.948999 0.396111
0.819933 0.819447
0.773926 0.770664
0.770664 0.915953
0.915953 0.73482
0.73482 0.87166
0.87166 0.651678
0.591983 0.995512
0.995512 0.912289
0.912289 0.51971
0.51971 0.863932
0.889786 0.665603
0.620788 0.837742
0.837742 0.980765
0.980765 0.714767
0.735973 0.733912
0.536027 0.848957
0.848957 0.856706
0.376198 0.997656
0.376601 0.938222
0.938222 0.643091
0.947627 0.693828
0.892063 0.596595
0.731537 0.965704
0.870215 0.716909
0.716909 0.873242
0.873242 0.993685
0.993685 0.149204
0.817318 0.834576
0.855117 0.620385
0.65799 0.778681
0.673026 0.8037
0.530122 0.996095
0.996095 0.937799
0.937799 0.780837
0.766791 0.992065
0.992065 0.156749
0.480462 0.943449
0.943449 0.9703
0.749797 0.850724
0.217786 0.981332
0.981332 0.918822
0.786289 0.76164
0.76164 0.762287
0.478446 0.976612
0.976612 0.874691
0.874691 0.540328
0.675033 0.935805
0.935805 0.497
0.889784 0.89499
0.797096 0.707078
0.707078 0.742633
0.742633 0.805183
0.805183 0.728689
0.728689 0.804332
0.749729 0.917674
0.917674 0.823331
0.801147 0.60464
0.60464 0.801873
0.694192 0.801599
0.571064 0.954604
0.388604 0.94832
0.94832 0.466584
0.987603 0.457421
0.879777 0.510708
0.901907 0.639921
0.385911 0.929304
0.663244 0.765494
0.729282 0.87002
0.87002 0.921234
0.921234 0.859476
0.880443 0.809499
0.734431 0.777196
0.592824 0.842515
0.842515 0.741848
0.205176 0.998212
0.998212 0.330772
0.880798 0.643136
0.968945 0.666961
0.791541 0.793366
0.56676 0.848901
0.921403 0.621832
0.830029 0.91081
0.91081 0.900906
0.855745 0.527727
0.906613 0.5531
0.728007 0.697765
0.820587 0.877537
0.904218 0.979829
0.979829 0.696925
0.696925 0.928304
0.928304 0.908418
0.908418 0.565248
0.973101 0.300286
0.544127 0.959506
0.959506 0.670204
0.694249 0.803488
0.984377 0.207772
0.622536 0.978606
0.978606 0.820969
0.889112 0.953235
0.842182 0.726466
0.726466 0.816004
0.816004 0.7645
0.7645 0.915006
0.915006 0.768492
0.950724 0.519862
0.779839 0.884293
0.923297 0.795775
0.482598 0.995192
0.995192 0.408665
0.806571 0.931032
0.931032 0.492692
0.788298 0.794073
0.794073 0.741866
0.741866 0.683905
0.683905 0.985454
0.985454 0.714369
0.507976 0.879669
0.879669 0.516132
0.770657 0.901714
0.901714 0.933814
0.933814 0.46256
0.564709 0.975918
0.975918 0.838125
0.838125 0.859391
0.858565 0.576949
0.648831 0.955289
0.955289 0.509497
0.77296 0.922608
0.700668 0.856938
0.707596 0.93013
0.93013 0.380838
0.621058 0.832616
0.832616 0.936571
0.824784 0.569217
0.547467 0.856385
0.917067 0.852405
0.88773 0.460903
0.741066 0.69993
0.951956 0.542917
0.542917 0.955344
0.955344 0.964779
0.964779 0.728257
0.728257 0.855322
0.855322 0.860799
0.703044 0.861509
0.861509 0.827545
0.827545 0.875621
0.875621 0.647565
0.843534 0.692584
0.853813 0.761742
0.602762 0.993623
0.993623 0.21993
0.96513 0.499526
0.661589 0.928901
0.82561 0.915112
0.915112 0.737059
0.737059 0.758337
0.758337 0.778961
0.912814 0.643047
0.643047 0.934147
0.934147 0.719501
0.973939 0.325592
0.922647 0.96294
0.96294 0.508218
0.788675 0.798868
0.44465 0.996278
0.996278 0.831494
0.831494 0.884151
0.62473 0.95101
0.95101 0.819742
0.819742 0.700138
0.707778 0.905441
0.905441 0.500515
0.968203 0.301744
0.990656 0.523473
0.488197 0.97145
0.97145 0.583032
0.448587 0.89421
0.89421 0.932058
0.932058 0.423564
0.742502 0.679826
0.816827 0.643351
0.643351 0.878802
0.671507 0.938349
0.956304 0.358995
0.358995 0.972319
0.588895 0.972818
0.972818 0.845472
0.845472 0.88683
0.658336 0.857264
0.947994 0.640502
0.690728 0.736015
0.736015 0.818893
0.607012 0.88991
0.671732 0.756966
0.756966 0.774157
0.625347 0.990908
0.990908 0.874577
0.874577 0.497292
0.926243 0.392384
0.784076 0.862552
0.862552 0.603054
0.875687 0.624867
0.559981 0.945178
0.945178 0.678337
0.764216 0.856772
0.706503 0.713694
0.796224 0.924059
0.924059 0.717219
0.789057 0.668149
0.330802 0.978794
0.908816 0.922848
0.796053 0.901225
0.80282 0.809453
0.343118 0.965156
0.965156 0.478703
0.181465 0.995586
0.995586 0.739552
0.736639 0.738823
0.785289 0.84405
0.887064 0.811378
0.811378 0.836562
0.836562 0.966876
0.966876 0.903725
0.903725 0.483399
0.875394 0.797125
0.718533 0.892252
0.892252 0.460737
0.386332 0.955951
0.885695 0.529517
0.529517 0.857402
0.857402 0.612009
0.465958 0.961946
0.961946 0.587542
0.922467 0.476763
0.476763 0.994539
0.994539 0.838389
0.307026 0.961661
0.961661 0.363666
0.695059 0.955375
0.955375 0.986443
0.986443 0.969645
0.969645 0.384084
0.69086 0.920166
0.415797 0.979528
0.979528 0.512304
0.943072 0.372823
0.51717 0.856968
0.856968 0.616564
0.770419 0.973503
0.973503 0.878878
0.788998 0.941766
0.941766 0.89975
0.436282 0.950352
0.963417 0.441532
0.91167 0.524337
0.882924 0.925371
0.905206 0.612538
0.965633 0.368998
0.719643 0.72866
0.72866 0.838403
0.785954 0.808497
0.449088 0.922923
0.698678 0.831455
0.503764 0.979139
0.979139 0.35428
0.956276 0.660091
0.884146 0.705946
0.814663 0.610177
0.785801 0.993666
0.993666 0.458655
0.454107 0.989205
0.989205 0.234351
0.780197 0.631046
0.834005 0.633202
0.854516 0.992687
0.760292 0.99042
0.99042 0.274413
0.711426 0.965254
0.965254 0.970407
0.973231 0.352626
0.826524 0.751992
0.902421 0.776677
0.776677 0.787966
0.787966 0.840471
0.876263 0.626836
0.670341 0.759666
0.759666 0.776682
0.776682 0.895061
0.723845 0.917427
0.917427 0.778911
0.42186 0.986072
0.986072 0.679742
0.900917 0.477772
0.527679 0.850789
0.850789 0.807223
0.445168 0.914814
0.914814 0.458736
0.509449 0.986272
0.986272 0.841626
0.34306 0.990783
0.990783 0.432604
0.849911 0.891532
0.684842 0.794837
0.507284 0.885391
0.885391 0.859751
0.859751 0.564385
0.774499 0.796072
0.939025 0.450543
0.808137 0.640436
0.641469 0.979004
0.979004 0.392613
0.80079 0.825605
0.633592 0.806007
0.806007 0.798876
0.591502 0.821054
0.782895 0.992516
0.992516 0.289548
0.529395 0.857943
0.846336 0.807371
0.881326 0.725206
0.89677 0.887796
0.391682 0.994165
0.994165 0.270682
0.962334 0.4306
0.4306 0.940321
0.478029 0.925362
0.852095 0.846122
0.470353 0.939211
0.939211 0.649171
0.89904 0.970421
0.970421 0.604017
0.573609 0.885192
0.759562 0.841875
0.841875 0.788858
0.788858 0.70884
0.350887 0.940111
0.763814 0.841682
0.757934 0.682714
0.859161 0.538817
0.538817 0.946274
0.62629 0.85584
0.704049 0.840965
0.727406 0.729954
0.575514 0.980335
0.980335 0.451883
0.641258 0.91491
0.91491 0.493358
0.461765 0.951555
0.810856 0.67882
0.974059 0.833203
0.833203 0.960388
0.960388 0.389378
0.814455 0.733587
0.733587 0.940728
0.940728 0.510101
0.668067 0.826435
0.647082 0.780937
0.780937 0.746636
0.422826 0.940317
0.940317 0.419996
0.432118 0.940382
0.940382 0.787133
0.787133 0.96047
0.65491 0.858086
0.677788 0.852201
0.809864 0.897046
0.897046 0.852069
0.852069 0.6224
0.941731 0.488624
0.501978 0.955066
0.169576 0.996859
0.996859 0.580134
0.506765 0.919028
0.919028 0.953814
0.953814 0.944649
0.944649 0.597156
0.597156 0.898759
0.898759 0.860959
0.644288 0.853669
0.853669 0.829197
0.829197 0.796225
0.891485 0.696122
0.896052 0.61604
0.61604 0.932091
0.932091 0.692688
0.799874 0.882377
0.882377 0.560571
0.805467 0.904739
0.787201 0.74869
0.838981 0.772624
0.772624 0.860792
0.860792 0.765613
0.38494 0.98268
0.98268 0.887795
0.887795 0.541136
0.775942 0.721998
0.383412 0.943489
0.943489 0.46577
0.46577 0.907947
0.907947 0.625749
0.954493 0.416204
0.284292 0.99764
0.667719 0.812257
0.762075 0.657126
0.538135 0.978724
0.978724 0.640245
0.66455 0.894692
0.422037 0.991094
0.991094 0.37007
0.621054 0.807453
0.807453 0.74942
0.966248 0.432494
0.754615 0.957266
0.957266 0.292728
0.613867 0.939006
0.728587 0.698658
0.454073 0.961526
0.961526 0.372429
0.39821 0.937093
0.937093 0.496595
0.496595 0.989162
0.989162 0.739569
0.715982 0.851469
0.876418 0.97471
0.97471 0.720956
0.720956 0.790598
0.887506 0.648257
0.648257 0.989291
0.989291 0.815277
0.638299 0.989081
0.989081 0.163927
0.640304 0.991427
0.991427 0.761491
0.761491 0.808957
0.808957 0.812076
0.812076 0.730753
0.434628 0.911227
0.911227 0.85422
0.85422 0.936361
0.936361 0.911738
0.893057 0.864016
0.864016 0.76885
0.76885 0.773529
0.773529 0.932154
0.932154 0.574452
0.854913 0.706404
0.757183 0.860629
0.860629 0.609907
0.474247 0.893461
0.893461 0.865585
0.865585 0.741604
0.58356 0.941037
0.941037 0.406169
0.655384 0.819217
0.819217 0.948851
0.948851 0.713178
0.713178 0.771245
0.771245 0.733965
0.578177 0.883282
0.439981 0.950145
0.94316 0.576588
0.918229 0.425371
0.42599 0.981267
0.981267 0.208041
0.815256 0.661755
0.661755 0.829024
0.829024 0.674522
0.529007 0.88982
0.724766 0.904033
0.904033 0.857822
0.724077 0.840584
0.60063 0.922087
0.922087 0.447079
0.884587 0.757874
0.757874 0.76511
0.744787 0.896503
0.896503 0.706596
0.973981 0.514437
0.821611 0.701013
0.805326 0.754978
0.70049 0.885087
0.845308 0.75887
0.75887 0.879491
0.879491 0.554472
0.359012 0.942365
0.942365 0.358274
0.562235 0.928587
0.928587 0.50934
0.937907 0.367593
0.683964 0.84748
0.84748 0.594221
0.955141 0.393165
0.893332 0.668071
0.888422 0.665623
0.665623 0.926679
0.926679 0.580758
0.787172 0.938285
0.938285 0.6791
0.421506 0.977305
0.977305 0.555483
0.555483 0.955209
0.578841 0.898341
0.794466 0.923889
0.802366 0.639248
0.458227 0.891673
0.794554 0.739213
0.703894 0.737249
0.737249 0.936281
0.936281 0.919519
0.919519 0.419972
0.865741 0.726887
0.953745 0.42806
0.797985 0.958147
0.958147 0.503821
0.216332 0.992362
0.992362 0.486459
0.674892 0.984859
0.984859 0.974296
0.671851 0.913024
0.913024 0.684275
0.916049 0.52346
0.945963 0.752379
0.754348 0.82916
0.541606 0.977434
0.977434 0.252049
0.79125 0.649697
0.954838 0.959964
0.959964 0.716867
0.279216 0.997793
0.997793 0.403769
0.468467 0.927323
0.879277 0.865831
0.865831 0.818305
0.818305 0.945137
0.509868 0.931878
0.931878 0.780817
0.780817 0.936346
0.936346 0.901702
0.901702 0.847244
0.577023 0.898951
0.795039 0.710565
0.710565 0.764485
0.409878 0.918978
0.918978 0.964113
0.964113 0.821785
0.753867 0.747054
0.403049 0.948157
0.948157 0.926311
0.926311 0.487818
0.487818 0.97254
0.97254 0.977929
0.977929 0.221178
0.941591 0.954957
0.954957 0.92717
0.92717 0.469965
0.9222 0.537123
0.449713 0.930713
0.678093 0.772326
0.985417 0.611417
0.611417 0.837981
0.605229 0.901033
0.708802 0.963272
0.963272 0.613353
0.691287 0.80797
0.541869 0.95547
0.95547 0.756209
0.756209 0.853231
0.853231 0.876138
0.876138 0.708059
0.775486 0.96112
0.96112 0.996556
0.996556 0.368727
0.788308 0.77906
0.77906 0.909364
0.762483 0.781636
0.781636 0.654549
0.809171 0.972369
0.972369 0.400234
0.884224 0.533411
0.390577 0.969149
0.92644 0.956733
0.956733 0.785541
0.820789 0.72803
0.642653 0.840054
0.840054 0.773493
0.592733 0.826238
0.661671 0.810481
0.498037 0.903577
0.903577 0.914019
0.914019 0.832214
0.832214 0.598147
0.543181 0.877344
0.439025 0.94473
0.585191 0.957895
0.957895 0.880383
0.880383 0.675913
0.797237 0.745725
0.745725 0.748674
0.296534 0.971761
0.971761 0.367802
0.926737 0.594547
0.761481 0.844352
0.763497 0.810026
0.357147 0.999321
0.999321 0.558335
0.551827 0.889911
0.889911 0.972205
0.689511 0.861237
0.861237 0.841427
0.841427 0.883869
0.802964 0.926588
0.926588 0.876073
0.421921 0.953556
0.953556 0.368865
0.793756 0.727148
0.727148 0.806033
0.806033 0.70248
0.70248 0.86112
0.86112 0.765635
0.765635 0.887277
0.887277 0.731618
0.570633 0.952385
0.494745 0.901793
0.787612 0.666994
0.783207 0.675518
0.652632 0.801756
0.801756 0.902202
0.902202 0.607613
0.945568 0.682545
0.682545 0.969284
0.969284 0.556518
0.556518 0.876106
0.951321 0.827082
0.453744 0.922089
0.922089 0.815297
0.813937 0.927557
0.927557 0.601864
0.601864 0.906932
0.334326 0.942489
0.815297 0.91001
0.91001 0.868487
0.504798 0.871473
0.893753 0.955542
0.955542 0.483283
0.940077 0.708772
0.677281 0.878893
0.465559 0.936981
0.936981 0.479683
0.815362 0.916723
0.916723 0.994383
0.994383 0.149699
0.447369 0.971878
0.971878 0.782314
0.777431 0.743456
0.743456 0.888275
0.888275 0.493369
0.648331 0.960566
0.960566 0.285657
0.51991 0.945091
0.945091 0.434926
0.827396 0.832378
0.832378 0.970266
0.970266 0.255756
0.477528 0.947418
0.947418 0.956211
0.618653 0.922962
0.922962 0.68296
0.965182 0.568217
0.898392 0.587965
0.469597 0.994414
0.353451 0.958376
0.91664 0.609487
0.743749 0.857086
0.857086 0.966901
0.942018 0.924535
0.412713 0.935992
0.935992 0.823175
0.872998 0.683721
0.885392 0.541614
0.955744 0.949324
0.949324 0.418639
0.247748 0.994119
0.994119 0.847784
0.847784 0.708352
0.680896 0.87576
0.87576 0.819487
0.819487 0.73805
0.793273 0.926864
0.755849 0.824295
0.824295 0.606031
0.154865 0.999292
0.999292 0.836795
0.836795 0.68684
0.68684 0.8372
0.752838 0.953677
0.953677 0.537526
0.600789 0.969579
0.969579 0.842778
0.842778 0.773868
0.955568 0.553534
0.938209 0.933179
0.322752 0.963633
0.539012 0.892205
0.892205 0.539948
0.676764 0.792432
0.848492 0.807545
0.807545 0.922928
0.922928 0.598311
0.582143 0.942355
0.874879 0.590724
0.590724 0.836207
0.879682 0.573793
0.906676 0.516522
0.662185 0.951887
0.951887 0.908124
0.908124 0.491525
0.985059 0.873965
0.873965 0.914951
0.914951 0.930968
0.930968 0.733237
0.768619 0.699887
0.205669 0.990436
0.990436 0.459005
0.77758 0.801928
0.849163 0.6259
0.6259 0.958482
0.958482 0.490294
0.71768 0.710531
0.869832 0.682258
0.647701 0.987526
0.987526 0.941936
0.941936 0.606069
0.91785 0.82498
0.322041 0.996782
0.996782 0.477894
0.903331 0.861346
0.826095 0.914641
0.971756 0.385887
0.90464 0.554634
0.264365 0.970879
0.970879 0.831279
0.943399 0.996875
0.996875 0.824021
0.607339 0.836794
0.836794 0.838488
0.214589 0.997462
0.997462 0.148694
0.720029 0.787929
0.712968 0.817489
0.817489 0.700997
0.877678 0.913928
0.913928 0.760015
0.830319 0.903176
0.903176 0.631676
0.488733 0.873869
0.873869 0.672759
0.60294 0.930092
0.930092 0.993538
0.993538 0.211032
0.560948 0.984957
0.984957 0.479837
0.204823 0.984177
0.520799 0.898635
0.898635 0.519908
0.886104 0.661434
0.731398 0.930975
0.798445 0.947883
0.947883 0.665877
0.660337 0.955249
0.955249 0.756692
0.958212 0.389618
0.798068 0.63886
0.651322 0.872176
0.872176 0.543157
0.803531 0.974071
0.366095 0.933636
0.885686 0.696723
0.772302 0.710803
0.710803 0.802874
0.802874 0.82393
0.584386 0.922518
0.922518 0.560023
0.692499 0.879997
0.879997 0.963892
0.963892 0.807426
0.511588 0.898698
0.898698 0.886614
0.886614 0.726018
0.726018 0.975621
0.975621 0.366184
0.641115 0.964309
0.964309 0.923512
0.943636 0.639847
0.689756 0.914412
0.914412 0.654359
0.654359 0.854399
0.854399 0.604916
0.479639 0.943293
0.943293 0.616225
0.803471 0.921986
0.921986 0.726288
0.593448 0.857395
0.638971 0.838599
0.838599 0.577914
0.955244 0.464505
0.487359 0.889677
0.779764 0.955218
0.955218 0.739792
0.857139 0.70257
0.70257 0.988582
0.988582 0.939543
0.939543 0.837515
0.478312 0.985146
0.985146 0.379476
0.914545 0.627452
0.627452 0.964405
0.964405 0.828806
0.828806 0.868207
0.195524 0.998278
0.998278 0.49631
0.942173 0.74185
0.543137 0.958694
0.958694 0.328488
0.534915 0.906704
0.906704 0.579066
0.491671 0.896727
0.33859 0.985072
0.985072 0.307164
0.886338 0.603237
0.671035 0.954625
0.954625 0.571173
0.635853 0.986193
0.699915 0.74802
0.688966 0.880043
0.880043 0.63389
0.63389 0.808278
0.681999 0.968439
0.968439 0.707375
0.546989 0.975233
0.638489 0.936819
0.936819 0.426449
0.960989 0.95336
0.95336 0.979186
0.979186 0.456558
0.260094 0.998658
0.998658 0.718838
0.523602 0.883363
0.883363 0.56645
0.611035 0.813406
0.736753 0.988037
0.988037 0.871538
0.919861 0.836528
0.485598 0.932597
0.915145 0.712921
0.88031 0.957208
0.957208 0.420899
0.628669 0.806858
0.833605 0.96889
0.96889 0.856954
0.828233 0.873301
0.873301 0.844587
0.887986 0.753846
0.753846 0.71309
0.742712 0.709542
0.709542 0.920855
0.213887 0.990407
0.990407 0.77843
0.963808 0.71796
0.449833 0.990314
0.990314 0.70979
0.70979 0.830723
0.830723 0.615128
0.615128 0.864431
0.738771 0.713744
0.713744 0.702965
0.702965 0.894869
0.399097 0.973143
0.973143 0.763633
0.763633 0.762278
0.911721 0.745178
0.808471 0.639153
0.639153 0.779532
0.314569 0.964644
0.964644 0.541695
0.60713 0.921564
0.921564 0.907325
0.907325 0.784923
0.953928 0.78112
0.778574 0.83953
0.553238 0.84556
0.84556 0.583563
0.728587 0.854066
0.854066 0.894036
0.707042 0.793584
0.392979 0.973939
0.973939 0.44058
0.946794 0.948034
0.948034 0.943244
0.943244 0.724459
0.887518 0.952904
0.81253 0.699431
0.722142 0.904878
0.80109 0.851172
0.731666 0.790665
0.882082 0.94749
0.94749 0.678634
0.682272 0.782528
0.800256 0.935243
0.595721 0.858563
0.858563 0.75917
0.596184 0.809745
0.809736 0.84785
0.830616 0.846768
0.500869 0.978522
0.467881 0.971371
0.910452 0.710132
0.831759 0.826188
0.826188 0.648048
0.805119 0.93668
0.93668 0.928322
0.928322 0.702559
0.705021 0.808014
0.910363 0.722736
0.722736 0.951074
0.701907 0.80277
0.58179 0.928822
0.270831 0.98515
0.98515 0.284885
0.88168 0.505704
0.80425 0.916293
0.916293 0.561478
0.975219 0.426394
0.426394 0.947956
0.733082 0.767099
0.703359 0.894398
0.894398 0.830648
0.616615 0.97626
0.97626 0.724783
0.562059 0.857954
0.660668 0.889042
0.889042 0.673828
0.673828 0.819497
0.819497 0.885307
0.885307 0.67766
0.564446 0.915606
0.626078 0.980715
0.980715 0.29372
0.977525 0.365329
0.595236 0.836441
0.98995 0.385841
0.659968 0.907997
0.907997 0.518563
0.837447 0.772676
0.591121 0.949218
0.652546 0.846455
0.982785 0.247015
0.864472 0.688625
0.884375 0.923556
0.923556 0.515342
0.879409 0.930615
0.665493 0.800977
0.873285 0.744094
0.744094 0.756461
0.756461 0.807753
0.706556 0.759017
0.648302 0.875659
0.355264 0.944731
0.944731 0.332241
0.675302 0.89099
0.764929 0.868236
0.76188 0.904857
0.904857 0.798065
0.855795 0.574284
0.747073 0.66649
0.66649 0.843934
0.843934 0.682555
0.885924 0.618345
0.618345 0.865169
0.954106 0.649767
0.707919 0.900568
0.990703 0.399033
0.471287 0.950579
0.950579 0.545188
0.545188 0.879231
0.987687 0.798796
0.513362 0.871468
0.764086 0.991348
0.991348 0.306536
0.876272 0.718127
0.97276 0.756225
0.756225 0.870285
0.961766 0.855658
0.851828 0.918108
0.886204 0.548987
0.308412 0.96387
0.849635 0.688139
0.688139 0.940647
0.831131 0.920625
0.832802 0.570305
0.700726 0.992188
0.992188 0.185935
0.960455 0.780472
0.780472 0.716077
0.716077 0.958132
0.958132 0.905208
0.729808 0.778925
0.778925 0.847981
0.660872 0.828601
0.706275 0.973046
0.973046 0.861167
0.861167 0.735872
0.902754 0.910649
0.910649 0.768224
0.768224 0.816853
0.816853 0.673684
0.673684 0.808552
0.826293 0.804693
0.99647 0.965803
0.965803 0.897316
0.782371 0.649208
0.649208 0.821727
0.821727 0.940352
0.940352 0.57185
0.848183 0.753355
0.72964 0.813377
0.813377 0.992249
0.521477 0.912605
0.912605 0.80583
0.624039 0.924952
0.924952 0.725653
0.965284 0.938044
0.938044 0.711158
0.947542 0.351247
0.919998 0.552258
0.929028 0.710748
0.54785 0.925529
0.925529 0.51009
0.76192 0.753503
0.740877 0.983604
0.625887 0.832339
0.497173 0.884482
0.940857 0.854497
0.413426 0.918389
0.878159 0.74335
0.74335 0.934162
0.934162 0.698418
0.637866 0.786568
0.748577 0.953151
0.953151 0.524369
0.677742 0.991253
0.991253 0.412136
0.74296 0.822989
0.61407 0.897124
0.897124 0.929391
0.887684 0.816712
0.816712 0.972322
0.972322 0.699073
0.450525 0.977617
0.977617 0.733503
0.733503 0.712246
0.563746 0.853562
0.715867 0.93911
0.93911 0.511876
0.422741 0.925103
0.925103 0.8573
0.8573 0.843391
0.982868 0.980047
0.980047 0.498317
0.498317 0.897505
0.880949 0.648326
0.876696 0.726259
0.533169 0.913311
0.913311 0.46627
0.884877 0.724158
0.434441 0.917457
0.674972 0.906815
0.750139 0.859575
0.8814 0.746087
0.663272 0.897409
0.332911 0.982879
0.982879 0.443935
0.183457 0.995419
0.995419 0.812257
0.510077 0.874509
0.921137 0.470746
0.173092 0.990338
0.990338 0.202545
0.442205 0.943166
0.713655 0.872757
0.722654 0.829485
0.829485 0.784944
0.784944 0.87658
0.890052 0.765029
0.765029 0.720795
0.720795 0.859443
0.380879 0.956348
0.605926 0.795841
0.257876 0.99635
0.601954 0.988662
0.988662 0.80519
0.498745 0.870729
0.364824 0.990396
0.990396 0.399531
0.536687 0.888618
0.888618 0.963451
0.963451 0.508239
0.697337 0.78925
0.50703 0.957565
0.957565 0.745608
0.745608 0.805655
0.926499 0.653433
0.444035 0.971423
0.971423 0.467666
0.839836 0.678839
0.716398 0.775558
0.775558 0.906271
0.287324 0.973647
0.983829 0.375585
0.645648 0.810659
0.544862 0.934672
0.934672 0.918296
0.372718 0.944586
0.901279 0.473808
0.9596 0.644554
0.965363 0.915808
0.739957 0.815896
0.815896 0.639433
0.639433 0.981849
0.981849 0.796507
0.781777 0.884763
0.884763 0.852148
0.527169 0.912547
0.896912 0.700544
0.669907 0.814488
0.814488 0.91613
0.91613 0.962024
0.962024 0.519532
0.785707 0.82399
0.797844 0.971274
0.971274 0.529953
0.50695 0.906554
0.923969 0.466129
0.466129 0.967341
0.967341 0.939322
0.939322 0.762038
0.762038 0.99765
0.99765 0.668258
0.668258 0.904663
0.828906 0.885863
0.640498 0.820661
0.731038 0.750895
0.809219 0.872617
0.902556 0.547281
0.839003 0.766169
0.766169 0.882278
0.857001 0.638932
0.718403 0.755699
0.869024 0.578973
0.361983 0.9474
0.821909 0.844468
0.844468 0.98632
0.98632 0.602901
0.602901 0.823997
0.779503 0.671331
0.671331 0.823922
0.840702 0.903264
0.734227 0.831709
0.884659 0.566994
0.976736 0.776917
0.456329 0.892932
0.809539 0.749339
0.630201 0.812304
0.812304 0.977931
0.977931 0.650127
0.801093 0.950199
0.950199 0.846359
0.65056 0.924378
0.924378 0.74233
0.556184 0.955676
0.938538 0.781051
0.781051 0.939267
0.813222 0.77277
0.77277 0.677114
0.57232 0.961285
0.961285 0.703405
0.807398 0.764626
0.690096 0.774946
0.893074 0.913008
0.913008 0.469568
0.552803 0.929907
0.929907 0.462936
0.462936 0.9593
0.9593 0.852681
0.852681 0.758281
0.951097 0.340482
0.662675 0.98344
0.283889 0.959253
0.959253 0.432883
0.792475 0.976535
0.976535 0.376258
0.755441 0.918867
0.918867 0.836404
0.898112 0.664686
0.808302 0.939078
0.916135 0.552397
0.707596 0.884284
0.884284 0.693508
0.785519 0.969853
0.969853 0.963693
0.963693 0.48409
0.710389 0.890455
0.890455 0.992384
0.992384 0.451711
