1 4
2 4
3 4
4 3.6
5 3.73333
6 3.2381
7 3.28571
8 3.33333
9 3.46667
10 3.27273
11 3.39394
12 3.33333
13 3.34066
14 3.31429
15 3.06667
16 3.02941
17 3.03268
18 2.92398
19 2.90526
20 2.91429
21 2.94372
22 2.90909
23 2.97101
24 2.97333
25 2.99077
26 3.00855
27 2.99471
28 3.02463
29 2.9977
30 3.04516
31 3.04839
32 3.06061
33 3.07308
34 3.09916
35 3.11111
36 3.12312
37 3.1522
38 3.10391
39 3.12821
40 3.14146
41 3.15447
42 3.15836
43 3.13742
44 3.13535
45 3.14976
46 3.16374
47 3.16312
48 3.16667
49 3.17714
50 3.16863
51 3.16742
52 3.1582
53 3.15024
54 3.1569
55 3.15844
56 3.15288
57 3.14822
58 3.1467
59 3.15028
60 3.14536
61 3.14543
62 3.14798
63 3.15675
64 3.16154
65 3.17389
66 3.18046
67 3.17823
68 3.16965
69 3.16853
70 3.15654
71 3.14241
72 3.14612
73 3.14846
74 3.14667
75 3.15789
76 3.16336
77 3.16617
78 3.1717
79 3.17468
80 3.16296
81 3.15929
82 3.15369
83 3.15318
84 3.15406
85 3.1617
86 3.16814
87 3.16614
88 3.1665
89 3.17203
90 3.16972
91 3.16961
92 3.16784
93 3.1709
94 3.1785
95 3.17807
96 3.18213
97 3.18115
98 3.18532
99 3.18949
100 3.19762
101 3.20171
102 3.20046
103 3.20388
104 3.20366
105 3.20072
106 3.20155
107 3.20318
108 3.20897
109 3.20133
110 3.20131
111 3.20335
112 3.19912
113 3.19267
114 3.2
115 3.1964
116 3.19363
117 3.1905
118 3.191
119 3.19272
120 3.19614
121 3.19523
122 3.19925
123 3.19906
124 3.19639
125 3.19746
126 3.2016
127 3.20128
128 3.20203
129 3.20477
130 3.20235
131 3.20194
132 3.19845
133 3.19919
134 3.1969
135 3.18954
136 3.18678
137 3.18841
138 3.18799
139 3.18726
140 3.18865
141 3.19089
142 3.19196
143 3.19503
144 3.1954
145 3.19735
146 3.19337
147 3.19544
148 3.19391
149 3.19642
150 3.19223
151 3.18892
152 3.19057
153 3.18954
154 3.18659
155 3.18379
156 3.18308
157 3.18407
158 3.18637
159 3.18774
160 3.1882
161 3.18595
162 3.18594
163 3.18659
164 3.18758
165 3.18832
166 3.18851
167 3.18848
168 3.18738
169 3.18775
170 3.18624
171 3.18754
172 3.18537
173 3.1857
174 3.18686
175 3.18597
176 3.18541
177 3.18365
178 3.18197
179 3.18287
180 3.1833
181 3.18256
182 3.18453
183 3.18579
184 3.18731
185 3.18442
186 3.18096
187 3.17829
188 3.1773
189 3.17616
190 3.17818
191 3.17517
192 3.17509
193 3.17462
194 3.17145
195 3.17237
196 3.17103
197 3.1712
198 3.17162
199 3.16925
200 3.16955
201 3.1693
202 3.16715
203 3.16507
204 3.16059
205 3.16098
206 3.16045
207 3.16035
208 3.1625
209 3.16245
210 3.16209
211 3.16337
212 3.16414
213 3.16353
214 3.16418
215 3.16469
216 3.16436
217 3.16594
218 3.16434
219 3.16297
220 3.161
221 3.16057
222 3.16293
223 3.164
224 3.16333
225 3.16382
226 3.16183
227 3.16191
228 3.15973
229 3.1599
230 3.16025
231 3.15913
232 3.15821
233 3.15909
234 3.15912
235 3.15846
236 3.15841
237 3.15739
238 3.15769
239 3.15676
240 3.15671
241 3.15654
242 3.15696
243 3.15914
244 3.15932
245 3.15978
246 3.1604
247 3.1622
248 3.16116
249 3.16132
250 3.16048
251 3.16006
252 3.15967
253 3.15894
254 3.15591
255 3.15551
256 3.15625
257 3.15579
258 3.15537
259 3.1564
260 3.15579
261 3.15604
262 3.15734
263 3.15762
264 3.15929
265 3.16062
266 3.16161
267 3.16217
268 3.16152
269 3.1642
270 3.16458
271 3.16334
272 3.16419
273 3.1658
274 3.16549
275 3.16543
276 3.16528
277 3.16391
278 3.16382
279 3.16242
280 3.16329
281 3.16236
282 3.16207
283 3.1608
284 3.15898
285 3.15956
286 3.15908
287 3.15805
288 3.15907
289 3.15895
290 3.15905
291 3.15982
292 3.15919
293 3.16036
294 3.16015
295 3.16005
296 3.15916
297 3.15829
298 3.15737
299 3.15808
300 3.15854
301 3.15857
302 3.15756
303 3.15711
304 3.15772
305 3.15766
306 3.15803
307 3.15656
308 3.15723
309 3.15766
310 3.1576
311 3.15846
312 3.15843
313 3.15801
314 3.15762
315 3.15668
316 3.15593
317 3.15497
318 3.15593
319 3.15627
320 3.15685
321 3.15776
322 3.15697
323 3.15675
324 3.15692
325 3.15689
326 3.15656
327 3.15634
328 3.15679
329 3.15763
330 3.15715
331 3.15655
332 3.15598
333 3.15578
334 3.15696
335 3.1565
336 3.15621
337 3.15594
338 3.15491
339 3.15516
340 3.15467
341 3.15398
342 3.15421
343 3.1533
344 3.15376
345 3.15208
346 3.15184
347 3.15128
348 3.15173
349 3.15186
350 3.15149
351 3.151
352 3.15098
353 3.1511
354 3.15098
355 3.15107
356 3.15167
357 3.15272
358 3.15233
359 3.15258
360 3.1526
361 3.15202
362 3.15225
363 3.15206
364 3.15237
365 3.15221
366 3.15219
367 3.15129
368 3.15076
369 3.15002
370 3.14988
371 3.14906
372 3.14918
373 3.15018
374 3.14998
375 3.14905
376 3.14944
377 3.14777
378 3.14797
379 3.14862
380 3.14861
381 3.14796
382 3.14705
383 3.14736
384 3.14702
385 3.14714
386 3.14667
387 3.14665
388 3.14674
389 3.14658
390 3.14733
391 3.14688
392 3.14717
393 3.14814
394 3.14767
395 3.14773
396 3.14805
397 3.14894
398 3.14863
399 3.14832
400 3.14888
401 3.14835
402 3.14823
403 3.14812
404 3.14793
405 3.14726
406 3.14651
407 3.14607
408 3.14632
409 3.14652
410 3.1464
411 3.14573
412 3.14525
413 3.14517
414 3.14436
415 3.145
416 3.14564
417 3.14573
418 3.14542
419 3.14622
420 3.14652
421 3.14615
422 3.14593
423 3.14622
424 3.14575
425 3.14574
426 3.1453
427 3.14535
428 3.14515
429 3.14449
430 3.14509
431 3.14488
432 3.14524
433 3.1456
434 3.14618
435 3.14546
436 3.14488
437 3.1449
438 3.14501
439 3.14467
440 3.14434
441 3.14431
442 3.14462
443 3.14429
444 3.14416
445 3.14466
446 3.14463
447 3.14446
448 3.14433
449 3.14358
450 3.14324
451 3.14342
452 3.14333
453 3.14368
454 3.14357
455 3.14371
456 3.14423
457 3.14426
458 3.14369
459 3.14328
460 3.14315
461 3.14295
462 3.14228
463 3.14233
464 3.14212
465 3.14222
466 3.14244
467 3.14248
468 3.14202
469 3.14251
470 3.14254
471 3.14293
472 3.14251
473 3.14327
474 3.1429
475 3.14293
476 3.14317
477 3.14374
478 3.14372
479 3.14332
480 3.14314
481 3.14366
482 3.1436
483 3.14375
484 3.14407
485 3.1439
486 3.14427
487 3.14485
488 3.14459
489 3.14488
490 3.14424
491 3.14427
492 3.14372
493 3.14413
494 3.14438
495 3.1436
496 3.1438
497 3.14339
498 3.14306
499 3.14325
500 3.14357
501 3.14396
502 3.14429
503 3.14431
504 3.14424
505 3.14396
506 3.14388
507 3.14426
508 3.14326
509 3.14317
510 3.14278
511 3.14243
512 3.14215
513 3.14209
514 3.14243
515 3.14256
516 3.14252
517 3.1421
518 3.14269
519 3.14279
520 3.14212
521 3.14214
522 3.1415
523 3.14183
524 3.14213
525 3.14255
526 3.14263
527 3.14352
528 3.14275
529 3.14276
530 3.14258
531 3.14181
532 3.14246
533 3.14261
534 3.14276
535 3.143
536 3.14278
537 3.14281
538 3.14282
539 3.14352
540 3.14419
541 3.14405
542 3.14318
543 3.14343
544 3.14398
545 3.14424
546 3.14461
547 3.14469
548 3.14523
549 3.14547
550 3.14565
551 3.14577
552 3.14556
553 3.14519
554 3.14518
555 3.14465
556 3.14503
557 3.14468
558 3.14466
559 3.14465
560 3.14459
561 3.14479
562 3.14485
563 3.14488
564 3.14487
565 3.14521
566 3.14536
567 3.14537
568 3.14528
569 3.14559
570 3.14578
571 3.14582
572 3.14578
573 3.14598
574 3.14614
575 3.14626
576 3.14548
577 3.14556
578 3.14565
579 3.14552
580 3.14571
581 3.1455
582 3.14607
583 3.14589
584 3.14495
585 3.14493
586 3.14482
587 3.14457
588 3.14424
589 3.14406
590 3.14416
591 3.14403
592 3.14416
593 3.14393
594 3.14409
595 3.14362
596 3.14341
597 3.14327
598 3.1433
599 3.14297
600 3.14287
601 3.14289
602 3.14276
603 3.14252
604 3.1429
605 3.14253
606 3.14283
607 3.14285
608 3.14255
609 3.14272
610 3.14252
611 3.14243
612 3.14218
613 3.14217
614 3.14214
615 3.14176
616 3.14199
617 3.14213
618 3.14229
619 3.14211
620 3.14203
621 3.14212
622 3.14223
623 3.14216
624 3.14215
625 3.14222
626 3.14232
627 3.14266
628 3.14271
629 3.14283
630 3.14277
631 3.14247
632 3.14266
633 3.14267
634 3.14269
635 3.14259
636 3.1429
637 3.14277
638 3.14302
639 3.1429
640 3.1429
641 3.1431
642 3.14321
643 3.14292
644 3.14268
645 3.14242
646 3.14228
647 3.14261
648 3.14246
649 3.14203
650 3.14198
651 3.14246
652 3.14236
653 3.14205
654 3.14212
655 3.14195
656 3.14176
657 3.14213
658 3.14187
659 3.14193
660 3.14196
661 3.14243
662 3.1427
663 3.14271
664 3.1428
665 3.14223
666 3.14194
667 3.14203
668 3.14182
669 3.1421
670 3.14238
671 3.14227
672 3.14213
673 3.14205
674 3.14238
675 3.14263
676 3.14291
677 3.14267
678 3.14287
679 3.14277
680 3.14313
681 3.14302
682 3.14294
683 3.14289
684 3.14295
685 3.14317
686 3.14343
687 3.14361
688 3.14382
689 3.14385
690 3.14351
691 3.14314
692 3.14362
693 3.14353
694 3.14329
695 3.14306
696 3.14324
697 3.14357
698 3.1436
699 3.14385
700 3.144
701 3.14408
702 3.1442
703 3.14407
704 3.14384
705 3.14391
706 3.14376
707 3.1439
708 3.14343
709 3.14326
710 3.14327
711 3.14363
712 3.14414
713 3.14439
714 3.14432
715 3.14418
716 3.14426
717 3.14433
718 3.14386
719 3.1438
720 3.14403
721 3.14406
722 3.14438
723 3.14443
724 3.14446
725 3.14407
726 3.14388
727 3.14396
728 3.1442
729 3.14406
730 3.14398
731 3.14404
732 3.14404
733 3.14414
734 3.14395
735 3.14456
736 3.14446
737 3.14428
738 3.14436
739 3.14437
740 3.14405
741 3.14369
742 3.14355
743 3.14381
744 3.14377
745 3.14401
746 3.144
747 3.1439
748 3.14383
749 3.14399
750 3.14412
751 3.14391
752 3.14369
753 3.14367
754 3.14345
755 3.14347
756 3.14343
757 3.14346
758 3.1433
759 3.14343
760 3.14315
761 3.14311
762 3.14303
763 3.1432
764 3.14343
765 3.14351
766 3.14329
767 3.14354
768 3.14376
769 3.14411
770 3.14413
771 3.1441
772 3.14405
773 3.14378
774 3.14345
775 3.14348
776 3.14333
777 3.14321
778 3.14307
779 3.14324
780 3.14314
781 3.14305
782 3.14342
783 3.14353
784 3.14357
785 3.14324
786 3.1434
787 3.14314
788 3.1429
789 3.1428
790 3.14266
791 3.14253
792 3.14229
793 3.14219
794 3.14268
795 3.14277
796 3.14311
797 3.1428
798 3.14291
799 3.14294
800 3.143
801 3.14302
802 3.14347
803 3.14367
804 3.14382
805 3.14397
806 3.14373
807 3.1435
808 3.14362
809 3.14315
810 3.14323
811 3.14339
812 3.14345
813 3.14351
814 3.1433
815 3.14374
816 3.14342
817 3.14351
818 3.14335
819 3.14341
820 3.14333
821 3.14341
822 3.14317
823 3.14333
824 3.14335
825 3.14292
826 3.14302
827 3.14283
828 3.14267
829 3.14268
830 3.14256
831 3.14233
832 3.1424
833 3.14236
834 3.14224
835 3.14202
836 3.14201
837 3.14172
838 3.14187
839 3.1421
840 3.14202
841 3.14219
842 3.14231
843 3.14215
844 3.1421
845 3.14198
846 3.14184
847 3.14169
848 3.1414
849 3.14133
850 3.14153
851 3.14167
852 3.14195
853 3.14203
854 3.14214
855 3.14229
856 3.14237
857 3.14251
858 3.1425
859 3.14261
860 3.14287
861 3.14296
862 3.14298
863 3.14323
864 3.1433
865 3.14337
866 3.14316
867 3.14321
868 3.14316
869 3.14306
870 3.14298
871 3.14316
872 3.14334
873 3.14365
874 3.14389
875 3.14375
876 3.14384
877 3.1439
878 3.14382
879 3.1436
880 3.14361
881 3.14367
882 3.14359
883 3.14376
884 3.14371
885 3.1437
886 3.14359
887 3.14368
888 3.14385
889 3.14373
890 3.14386
891 3.14379
892 3.14373
893 3.14391
894 3.144
895 3.1443
896 3.14424
897 3.14415
898 3.1441
899 3.14386
900 3.14391
901 3.14415
902 3.14405
903 3.14408
904 3.14416
905 3.14425
906 3.14404
907 3.14431
908 3.14448
909 3.14436
910 3.14437
911 3.14413
912 3.14436
913 3.14423
914 3.14414
915 3.14407
916 3.14409
917 3.14418
918 3.14415
919 3.14416
920 3.14444
921 3.14465
922 3.1447
923 3.14494
924 3.14532
925 3.14534
926 3.14542
927 3.14514
928 3.14538
929 3.14522
930 3.14521
931 3.14506
932 3.14525
933 3.14542
934 3.14532
935 3.14553
936 3.1456
937 3.14552
938 3.14553
939 3.1456
940 3.14541
941 3.14532
942 3.14538
943 3.14536
944 3.14556
945 3.14559
946 3.14556
947 3.14567
948 3.1459
949 3.14576
950 3.14583
951 3.14576
952 3.14604
953 3.14605
954 3.14588
955 3.14607
956 3.14612
957 3.14624
958 3.14625
959 3.14634
960 3.14628
961 3.14638
962 3.14655
963 3.14629
964 3.14637
965 3.14619
966 3.14603
967 3.14626
968 3.14639
969 3.14617
970 3.14612
971 3.14589
972 3.14607
973 3.14614
974 3.14614
975 3.14605
976 3.14605
977 3.14602
978 3.14596
979 3.14619
980 3.14613
981 3.14601
982 3.14618
983 3.14634
984 3.14616
985 3.14601
986 3.14581
987 3.14581
988 3.14572
989 3.14569
990 3.14566
991 3.14566
992 3.14567
993 3.14584
994 3.14582
995 3.14583
996 3.146
997 3.14596
998 3.14607
999 3.14596
