1 1.5 1.25 1.125 1.5625 1.28125 1.64062 1.82031 
1.25 1.25 1.1875 1.375 1.32812 1.48438 1.65234 1.82617 
1.125 1.15625 1.26562 1.29688 1.39062 1.52148 1.67383 1.83691 
1.07812 1.17188 1.23438 1.3125 1.41699 1.54541 1.69116 1.84558 
1.08594 1.16016 1.23633 1.32666 1.43604 1.5636 1.70459 1.85229 
1.08008 1.1582 1.24243 1.33923 1.45142 1.578 1.71515 1.85757 
1.0791 1.16077 1.25 1.35071 1.46436 1.58975 1.72366 1.86183 
1.08038 1.16519 1.25795 1.36115 1.47545 1.59956 1.73069 1.86535 
1.0826 1.17027 1.26571 1.37058 1.48507 1.60788 1.73661 1.86831 
1.08514 1.17542 1.273 1.37904 1.49346 1.61504 1.74167 1.87084 
