0 0 1
0 1 2
0 2 1
0 3 1
0 4 2
0 5 1
0 6 2
0 7 1
0 8 2
0 9 2
1 0 1
1 1 7.40756
1 2 10.8326
1 3 12.9224
1 4 14.1236
1 5 14.0096
1 6 13.2996
1 7 11.1632
1 8 7.90713
1 9 2
2 0 1
2 1 10.7995
2 2 17.0038
2 3 20.7382
2 4 22.5674
2 5 22.6208
2 6 21.0302
2 7 17.4495
2 8 11.4671
2 9 2
3 0 1
3 1 12.7901
3 2 20.6514
3 3 25.4677
3 4 27.7973
3 5 27.8855
3 6 25.7599
3 7 21.1437
3 8 13.5155
3 9 2
4 0 1
4 1 13.7144
4 2 22.3527
4 3 27.6958
4 4 30.2817
4 5 30.3778
4 6 27.9917
4 7 22.8589
4 8 14.4556
4 9 2
5 0 1
5 1 13.7198
5 2 22.3593
5 3 27.6942
5 4 30.2717
5 5 30.3669
5 6 27.984
5 7 22.8542
5 8 14.4536
5 9 2
6 0 1
6 1 12.8112
6 2 20.6802
6 3 25.4637
6 4 27.7587
6 5 27.8498
6 6 25.7361
6 7 21.1306
6 8 13.5098
6 9 2
7 0 1
7 1 10.8491
7 2 17.0956
7 3 20.7331
7 4 22.4634
7 5 22.5505
7 6 20.9923
7 7 17.4308
7 8 11.4596
7 9 2
8 0 1
8 1 7.49335
8 2 11.1261
8 3 12.9189
8 4 13.8209
8 5 13.9066
8 6 13.2604
8 7 11.1473
8 8 7.90124
8 9 2
9 0 1
9 1 2
9 2 2
9 3 1
9 4 1
9 5 1
9 6 2
9 7 1
9 8 2
9 9 2
