0 995
0.1 980.05
0.2 955.299
0.3 920.996
0.4 877.483
0.5 825.194
0.6 764.654
0.7 696.467
0.8 621.316
0.9 539.951
1 453.187
1.1 361.891
1.2 266.977
1.3 169.392
1.4 70.1133
1.5 -29.8663
1.6 -129.547
1.7 -227.933
1.8 -324.039
1.9 -416.905
2 -505.602
2.1 -589.242
2.2 -666.991
2.3 -738.069
2.4 -801.767
2.5 -857.447
2.6 -904.553
2.7 -942.613
2.8 -971.247
2.9 -990.168
3 -999.188
3.1 -998.216
3.2 -987.261
3.3 -966.435
3.4 -935.943
3.5 -896.093
3.6 -847.281
3.7 -789.996
3.8 -724.812
3.9 -652.379
4 -573.423
4.1 -488.732
4.2 -399.155
4.3 -305.585
4.4 -208.96
4.5 -110.245
4.6 -10.4275
4.7 89.4941
4.8 188.521
4.9 285.662
5 379.947
5.1 470.433
5.2 556.214
5.3 636.432
5.4 710.287
5.5 777.039
5.6 836.02
5.7 886.641
5.8 928.396
5.9 960.867
6 983.729
6.1 996.754
6.2 999.811
6.3 992.871
6.4 976.001
6.5 949.372
6.6 913.249
6.7 867.993
6.8 814.057
6.9 751.981
7 682.385
7.1 605.965
7.2 523.486
7.3 435.771
7.4 343.699
7.5 248.19
7.6 150.199
7.7 50.7064
7.79999 -49.2937
7.89999 -148.801
7.99999 -246.82
8.09999 -342.371
8.2 -434.498
8.3 -522.28
8.4 -604.84
8.5 -681.351
8.6 -751.048
8.7 -813.235
8.8 -867.29
8.9 -912.672
9 -948.927
9.1 -975.693
9.2 -992.701
9.3 -999.783
9.4 -996.867
9.5 -983.983
9.6 -961.258
9.7 -928.921
9.8 -887.295
9.9 -836.796
10 -777.929
10.1 -711.282
10.2 -637.523
10.3 -557.388
10.4 -471.68
10.5 -381.255
10.6 -287.017
10.7 -189.909
10.8 -90.9019
10.9 9.01409
11 108.84
11.1 207.577
11.2 304.239
11.3 397.858
11.4 487.499
11.5 572.265
11.6 651.308
11.7 723.838
11.8 789.13
11.9 846.53
12 895.465
12.1 935.445
12.2 966.071
12.3 987.037
12.4 998.131
12.5 999.245
12.6 990.366
12.7 971.583
12.8 943.085
12.9 905.156
13 858.175
13.1 802.612
13.2 739.024
13.3 668.045
13.4 590.385
13.5 506.822
13.6 418.191
13.7 325.377
13.8 229.31
13.9 130.95
14 31.2803
14.1 -68.7023
14.2 -167.998
14.3 -265.613
14.4 -360.573
14.5 -451.926
14.6 -538.761
14.7 -620.207
14.8 -695.452
14.9 -763.742
15 -824.395
15.1 -876.804
15.2 -920.444
15.3 -954.88
15.4 -979.768
15.5 -994.858
15.6 -999.999
15.7 -995.14
15.8 -980.33
15.9 -955.716
16 -921.545
16.1 -878.159
16.2 -825.991
16.3 -765.564
16.4 -697.48
16.5 -622.422
16.6 -541.14
16.7 -454.446
16.8 -363.208
16.9 -268.338
17 -170.784
17.1 -71.5225
17.2 28.4542
17.3 128.146
17.4 226.557
17.5 322.702
17.6 415.621
17.7 504.382
17.8 588.101
17.9 665.938
18 737.116
18.1 800.922
18.2 856.72
18.3 903.95
18.4 942.141
18.5 970.91
18.6 989.97
18.7 999.131
18.8 998.3
18.9 987.486
19 966.797
19.1 936.441
19.2 896.72
19.3 848.032
19.4 790.863
19.5 725.786
19.6 653.451
19.7 574.581
19.8 489.966
19.9 400.451
20 306.932
20.1 210.343
20.2 111.65
20.3 11.8417
20.4 -88.0854
20.5 -187.132
20.6 -284.307
20.7 -378.639
20.8 -469.184
20.9 -555.038
21 -635.341
21.1 -709.291
21.2 -776.148
21.3 -835.244
21.4 -885.987
21.5 -927.87
21.6 -960.475
21.7 -983.475
21.8 -996.64
21.9 -999.839
22 -993.039
22.1 -976.309
22.2 -949.816
22.3 -913.824
22.4 -868.695
22.5 -814.878
22.6 -752.913
22.7001 -683.418
22.8001 -607.09
22.9001 -524.69
23.0001 -437.044
23.1001 -345.027
23.2001 -249.56
23.3001 -151.597
23.4001 -52.1182
23.5001 47.8817
23.6001 147.403
23.7001 245.45
23.8001 341.043
23.9001 433.225
24.0001 521.075
24.1001 603.714
24.2001 680.316
24.3001 750.115
24.4001 812.412
24.5001 866.586
24.6001 912.093
24.7001 948.48
24.8001 975.382
24.9001 992.53
25.0001 999.753
25.1001 996.978
25.2001 984.234
25.3001 961.647
25.4001 929.444
25.5001 887.946
25.6001 837.569
25.7001 778.816
25.8001 712.275
25.9001 638.611
26.0001 558.561
26.1001 472.926
26.2001 382.561
26.3001 288.371
26.4001 191.297
26.5001 92.3097
26.6001 -7.60042
26.7001 -107.435
26.8001 -206.194
26.9001 -302.892
27.0001 -396.561
27.1001 -486.264
27.2001 -571.105
27.3001 -650.234
27.4001 -722.862
27.5001 -788.26
27.6001 -845.776
27.7001 -894.834
27.8001 -934.944
27.9001 -965.704
28.0001 -986.808
28.1001 -998.043
28.2001 -999.298
28.3001 -990.56
28.4001 -971.916
28.5001 -943.553
28.6001 -905.755
28.7001 -858.898
28.8001 -803.453
28.9001 -739.974
29.0001 -669.095
29.1001 -591.524
29.2001 -508.039
29.3001 -419.473
29.4001 -326.713
29.5001 -230.685
29.6001 -132.35
29.7001 -32.6924
29.8001 67.2926
29.9001 166.605
