0 1000
0.1 995.004
0.2 980.067
0.3 955.337
0.4 921.061
0.5 877.583
0.6 825.336
0.7 764.842
0.8 696.707
0.9 621.61
1 540.303
1.1 453.597
1.2 362.359
1.3 267.5
1.4 169.968
1.5 70.7383
1.6 -29.1983
1.7 -128.843
1.8 -227.201
1.9 -323.288
2 -416.145
2.1 -504.845
2.2 -588.5
2.3 -666.275
2.4 -737.392
2.5 -801.142
2.6 -856.888
2.7 -904.071
2.8 -942.222
2.9 -970.958
3 -989.992
3.1 -999.135
3.2 -998.295
3.3 -987.48
3.4 -966.799
3.5 -936.458
3.6 -896.76
3.7 -848.101
3.8 -790.969
3.9 -725.934
4 -653.646
4.1 -574.826
4.2 -490.264
4.3 -400.802
4.4 -307.336
4.5 -210.799
4.6 -112.156
4.7 -12.3923
4.8 87.4953
4.9 186.509
5 283.658
5.1 377.974
5.2 468.513
5.3 554.371
5.4 634.69
5.5 708.667
5.6 775.563
5.7 834.71
5.8 885.517
5.9 927.477
6 960.169
6.1 983.267
6.2 996.542
6.3 999.859
6.4 993.185
6.5 976.589
6.6 950.234
6.7 914.385
6.8 869.4
6.9 815.728
7 753.906
7.1 684.55
7.2 608.355
7.3 526.082
7.4 438.552
7.5 346.641
7.6 251.265
7.7 153.38
7.79999 53.9613
7.89999 -45.9961
7.99999 -145.494
8.09999 -243.538
8.2 -339.149
8.3 -431.371
8.4 -519.283
8.5 -602.007
8.6 -678.715
8.7 -748.642
8.8 -811.089
8.9 -865.432
9 -911.127
9.1 -947.719
9.2 -974.842
9.3 -992.224
9.4 -999.693
9.5 -997.172
9.6 -984.689
9.7 -962.367
9.8 -930.429
9.9 -889.194
10 -839.075
10.1 -780.573
10.2 -714.271
10.3 -640.832
10.4 -560.991
10.5 -475.544
10.6 -385.345
10.7 -291.297
10.8 -194.338
10.9 -95.4371
11 4.41729
11.1 104.228
11.2 202.996
11.3 299.737
11.4 393.483
11.5 483.297
11.6 568.282
11.7 647.589
11.8 720.426
11.9 786.064
12 843.849
12.1 893.201
12.2 933.63
12.3 964.73
12.4 986.19
12.5 997.797
12.6 999.434
12.7 991.086
12.8 972.834
12.9 944.863
13 907.45
13.1 860.971
13.2 805.889
13.3 742.755
13.4 672.2
13.5 594.929
13.6 511.713
13.7 423.384
13.8 330.825
13.9 234.96
14 136.748
14.1 37.1692
14.2 -62.7808
14.3 -162.103
14.4 -259.806
14.5 -354.914
14.6 -446.474
14.7 -533.574
14.8 -615.343
14.9 -690.963
15 -759.68
15.1 -820.806
15.2 -873.73
15.3 -917.925
15.4 -952.948
15.5 -978.45
15.6 -994.175
15.7 -999.967
15.8 -995.768
15.9 -981.619
16 -957.662
16.1 -924.137
16.2 -881.378
16.3 -829.812
16.4 -769.955
16.5 -702.405
16.6 -627.837
16.7 -546.996
16.8 -460.69
16.9 -369.78
17 -275.176
17.1 -177.822
17.2 -78.6913
17.3 21.2255
17.4 120.93
17.5 219.427
17.6 315.731
17.7 408.88
17.8 497.944
17.9 582.032
18 660.306
18.1 731.981
18.2 796.343
18.3 852.748
18.4 900.633
18.5 939.519
18.6 969.018
18.7 988.834
18.8 998.771
18.9 998.728
19 988.706
19.1 968.805
19.2 939.224
19.3 900.259
19.4 852.299
19.5 795.823
19.6 731.395
19.7 659.66
19.8 581.333
19.9 497.198
20 408.096
20.1 314.915
20.2 218.588
20.3 120.077
20.4 20.3664
20.5 -79.5479
20.6 -178.667
20.7 -276.002
20.8 -370.578
20.9 -461.452
21 -547.715
21.1 -628.506
21.2 -703.017
21.3 -770.503
21.4 -830.291
21.5 -881.783
21.6 -924.464
21.7 -957.909
21.8 -981.782
21.9 -995.846
22 -999.96
22.1 -994.082
22.2 -978.272
22.3 -952.687
22.4 -917.584
22.5 -873.312
22.6 -820.314
22.7001 -759.12
22.8001 -690.342
22.9001 -614.665
23.0001 -532.847
23.1001 -445.705
23.2001 -354.11
23.3001 -258.977
23.4001 -161.255
23.5001 -61.9232
23.6001 38.0278
23.7001 137.599
23.8001 235.795
23.9001 331.635
24.0001 424.162
24.1001 512.45
24.2001 595.619
24.3001 672.836
24.4001 743.33
24.5001 806.397
24.6001 861.407
24.7001 907.81
24.8001 945.143
24.9001 973.032
25.0001 991.199
25.1001 999.462
25.2001 997.739
25.3001 986.047
25.4001 964.502
25.5001 933.321
25.6001 892.814
25.7001 843.387
25.8001 785.532
25.9001 719.829
26.0001 646.934
26.1001 567.574
26.2001 482.544
26.3001 392.692
26.4001 298.917
26.5001 202.155
26.6001 103.373
26.7001 3.5581
26.8001 -96.2923
26.9001 -195.18
27.0001 -292.119
27.1001 -386.138
27.2001 -476.299
27.3001 -561.701
27.4001 -641.491
27.5001 -714.871
27.6001 -781.109
27.7001 -839.542
27.8001 -889.586
27.9001 -930.742
28.0001 -962.599
28.1001 -984.837
28.2001 -997.235
28.3001 -999.67
28.4001 -992.116
28.5001 -974.649
28.6001 -947.443
28.7001 -910.772
28.8001 -865
28.9001 -810.585
29.0001 -748.071
29.1001 -678.083
29.2001 -601.32
29.3001 -518.548
29.4001 -430.595
29.5001 -338.34
29.6001 -242.704
29.7001 -144.644
29.8001 -45.1379
29.9001 54.8191
