0 1000
0.1 1000
0.2 990
0.3 970
0.4 940
0.5 901
0.6 853
0.7 796
0.8 731
0.9 659
1 580
1.1 496
1.2 407
1.3 314
1.4 218
1.5 119
1.6 19
1.7 -80
1.8 -178
1.9 -274
2 -367
2.1 -457
2.2 -542
2.3 -622
2.4 -695
2.5 -761
2.6 -820
2.7 -870
2.8 -912
2.9 -945
3 -968
3.1 -981
3.2 -984
3.3 -978
3.4 -962
3.5 -936
3.6 -901
3.7 -857
3.8 -805
3.9 -745
4 -677
4.1 -602
4.2 -521
4.3 -435
4.4 -345
4.5 -252
4.6 -156
4.7 -59
4.8 38
4.9 135
5 230
5.1 323
5.2 413
5.3 498
5.4 578
5.5 653
5.6 721
5.7 782
5.8 835
5.9 879
6 915
6.1 941
6.2 958
6.3 965
6.4 963
6.5 951
6.6 930
6.7 899
6.8 859
6.9 811
7 755
7.1 691
7.2 620
7.3 543
7.4 461
7.5 374
7.6 284
7.7 191
7.79999 96
7.89999 0
7.99999 -95
8.09999 -189
8.2 -281
8.3 -370
8.4 -456
8.5 -537
8.6 -613
8.7 -682
8.8 -745
8.9 -800
9 -847
9.1 -886
9.2 -916
9.3 -936
9.4 -947
9.5 -949
9.6 -941
9.7 -924
9.8 -898
9.9 -863
10 -819
10.1 -767
10.2 -707
10.3 -640
10.4 -567
10.5 -488
10.6 -405
10.7 -318
10.8 -227
10.9 -134
11 -40
11.1 54
11.2 147
11.3 238
11.4 327
11.5 413
11.6 495
11.7 572
11.8 643
11.9 707
12 764
12.1 813
12.2 854
12.3 887
12.4 911
12.5 926
12.6 931
12.7 927
12.8 914
12.9 892
13 861
13.1 821
13.2 773
13.3 717
13.4 654
13.5 585
13.6 510
13.7 430
13.8 345
13.9 257
14 167
14.1 75
14.2 -17
14.3 -109
14.4 -200
14.5 -289
14.6 -375
14.7 -457
14.8 -534
14.9 -606
15 -672
15.1 -731
15.2 -783
15.3 -827
15.4 -862
15.5 -889
15.6 -907
15.7 -916
15.8 -916
15.9 -906
16 -887
16.1 -860
16.2 -824
16.3 -780
16.4 -728
16.5 -669
16.6 -603
16.7 -531
16.8 -454
16.9 -372
17 -287
17.1 -199
17.2 -109
17.3 -18
17.4 72
17.5 161
17.6 249
17.7 334
17.8 416
17.9 494
18 567
18.1 634
18.2 694
18.3 747
18.4 793
18.5 831
18.6 861
18.7 882
18.8 894
18.9 897
19 891
19.1 876
19.2 852
19.3 820
19.4 780
19.5 732
19.6 677
19.7 615
19.8 547
19.9 473
20 395
20.1 313
20.2 228
20.3 141
20.4 52
20.5 -36
20.6 -124
20.7 -211
20.8 -296
20.9 -378
21 -456
21.1 -529
21.2 -597
21.3 -659
21.4 -714
21.5 -762
21.6 -802
21.7 -834
21.8 -858
21.9 -873
22 -879
22.1 -877
22.2 -866
22.3 -846
22.4 -818
22.5 -782
22.6 -738
22.7001 -687
22.8001 -629
22.9001 -565
23.0001 -495
23.1001 -420
23.2001 -341
23.3001 -259
23.4001 -174
23.5001 -88
23.6001 -1
23.7001 85
23.8001 170
23.9001 254
24.0001 335
24.1001 413
24.2001 487
24.3001 556
24.4001 619
24.5001 676
24.6001 726
24.7001 769
24.8001 804
24.9001 831
25.0001 850
25.1001 860
25.2001 861
25.3001 854
25.4001 838
25.5001 814
25.6001 782
25.7001 742
25.8001 695
25.9001 641
26.0001 580
26.1001 514
26.2001 443
26.3001 367
26.4001 288
26.5001 206
26.6001 122
26.7001 37
26.8001 -48
26.9001 -132
27.0001 -215
27.1001 -296
27.2001 -374
27.3001 -448
27.4001 -517
27.5001 -581
27.6001 -639
27.7001 -691
27.8001 -736
27.9001 -774
28.0001 -804
28.1001 -826
28.2001 -839
28.3001 -844
28.4001 -841
28.5001 -829
28.6001 -809
28.7001 -781
28.8001 -745
28.9001 -702
29.0001 -652
29.1001 -595
29.2001 -532
29.3001 -464
29.4001 -391
29.5001 -315
29.6001 -235
29.7001 -153
29.8001 -70
29.9001 13
