0 20 14
0.1 30 6.00002
0.2 40 -1.99996
0.3 50 -9.99994
0.4 60 -17.9999
0.5 70 -25.9999
0.6 80 -33.9999
0.7 90 -41.9999
0.8 100 -49.9998
0.9 110 -57.9998
1 120 -65.9998
1.1 130 -73.9998
1.2 140 -81.9998
1.3 150 -89.9997
1.4 160 -97.9997
1.5 170 -106
1.6 180 -114
1.7 190 -122
1.8 200 -130
1.9 210 -138
2 220 -146
2.1 230 -154
2.2 240 -162
2.3 250 -170
2.4 260 -178
2.5 270 -186
2.6 280 -193.999
2.7 290 -201.999
2.8 300 -209.999
2.9 310 -217.999
3 320 -225.999
3.1 330 -233.999
3.2 340 -241.999
3.3 350 -249.999
3.4 360 -257.999
3.5 370 -265.999
3.6 380 -273.999
3.7 390 -281.999
3.8 400 -289.999
3.9 410 -297.999
4 420 -305.999
4.1 430 -313.999
4.2 440 -321.999
4.3 450 -329.999
4.4 460 -337.999
4.5 470 -345.999
4.6 480 -353.999
4.7 490 -361.999
4.8 500 -369.999
4.9 510 -377.999
5 520 -385.999
5.1 530 -393.999
5.2 540 -401.999
5.3 550 -409.999
5.4 560 -417.999
5.5 570 -425.999
5.6 580 -433.999
5.7 590 -441.999
5.8 600 -449.999
5.9 610 -457.999
6 620 -465.999
6.1 630 -473.999
6.2 640 -481.999
6.3 650 -489.999
6.4 660 -497.999
6.5 670 -505.999
6.6 680 -513.999
6.7 690 -521.999
6.8 700 -529.999
6.9 710 -537.999
7 720 -545.999
7.1 730 -553.999
7.2 740 -561.999
7.3 750 -569.999
7.4 760 -577.999
7.5 770 -585.999
7.6 780 -593.999
7.7 790 -601.999
7.79999 800 -609.999
7.89999 810 -617.999
7.99999 820 -625.999
8.09999 830 -633.999
8.2 840 -641.999
8.3 850 -649.999
8.4 860 -657.999
8.5 870 -665.999
8.6 880 -673.999
8.7 890 -681.999
8.8 900 -689.999
8.9 910 -697.999
9 920 -705.999
9.1 930 -713.999
9.2 940 -721.999
9.3 950 -729.999
9.4 960 -737.999
9.5 970 -745.999
9.6 980 -753.999
9.7 990 -761.999
9.8 1000 -769.999
9.9 1010 -777.999
10 1020 -785.999
10.1 1030 -793.999
10.2 1040 -801.999
10.3 1050 -809.999
10.4 1060 -817.999
10.5 1070 -825.999
10.6 1080 -833.999
10.7 1090 -841.999
10.8 1100 -849.999
10.9 1110 -857.999
11 1120 -865.999
11.1 1130 -873.999
11.2 1140 -881.999
11.3 1150 -889.999
11.4 1160 -897.999
11.5 1170 -905.999
11.6 1180 -913.999
11.7 1190 -921.999
11.8 1200 -929.999
11.9 1210 -937.999
12 1220 -945.999
12.1 1230 -953.999
12.2 1240 -961.999
12.3 1250 -969.999
12.4 1260 -977.999
12.5 1270 -985.999
12.6 1280 -993.999
12.7 1290 -1002
12.8 1300 -1010
12.9 1310 -1018
13 1320 -1026
13.1 1330 -1034
13.2 1340 -1042
13.3 1350 -1050
13.4 1360 -1058
13.5 1370 -1066
13.6 1380 -1074
13.7 1390 -1082
13.8 1400 -1090
13.9 1410 -1098
14 1420 -1106
14.1 1430 -1114
14.2 1440 -1122
14.3 1450 -1130
14.4 1460 -1138
14.5 1470 -1146
14.6 1480 -1154
14.7 1490 -1162
14.8 1500 -1170
14.9 1510 -1178
15 1520 -1186
15.1 1530 -1194
15.2 1540 -1202
15.3 1550 -1210
15.4 1560 -1218
15.5 1570 -1226
15.6 1580 -1234
15.7 1590 -1242
15.8 1600 -1250
15.9 1610 -1258
16 1620 -1266
16.1 1630 -1274
16.2 1640 -1282
16.3 1650 -1290
16.4 1660 -1298
16.5 1670 -1306
16.6 1680 -1314
16.7 1690 -1322
16.8 1700 -1330
16.9 1710 -1338
17 1720 -1346
17.1 1730 -1354
17.2 1740 -1362
17.3 1750 -1370
17.4 1760 -1378
17.5 1770 -1386
17.6 1780 -1394
17.7 1790 -1402
17.8 1800 -1410
17.9 1810 -1418
18 1820 -1426
18.1 1830 -1434
18.2 1840 -1442
18.3 1850 -1450
18.4 1860 -1458
18.5 1870 -1466
18.6 1880 -1474
18.7 1890 -1482
18.8 1900 -1490
18.9 1910 -1498
19 1920 -1506
19.1 1930 -1514
19.2 1940 -1522
19.3 1950 -1530
19.4 1960 -1538
19.5 1970 -1546
19.6 1980 -1554
19.7 1990 -1562
19.8 2000 -1570
19.9 2010 -1578
20 2020 -1586
20.1 2030 -1594
20.2 2040 -1602
20.3 2050 -1610
20.4 2060 -1618
20.5 2070 -1626
20.6 2080 -1634
20.7 2090 -1642
20.8 2100 -1650
20.9 2110 -1658
21 2120 -1666
21.1 2130 -1674
21.2 2140 -1682
21.3 2150 -1690
21.4 2160 -1698
21.5 2170 -1706
21.6 2180 -1714
21.7 2190 -1722
21.8 2200 -1730
21.9 2210 -1738
22 2220 -1746
22.1 2230 -1754
22.2 2240 -1762
22.3 2250 -1770
22.4 2260 -1778
22.5 2270 -1786
22.6 2280 -1794
22.7001 2290 -1802
22.8001 2300 -1810
22.9001 2310 -1818
23.0001 2320 -1826
23.1001 2330 -1834
23.2001 2340 -1842
23.3001 2350 -1850
23.4001 2360 -1858
23.5001 2370 -1866
23.6001 2380 -1874
23.7001 2390 -1882
23.8001 2400 -1890
23.9001 2410 -1898
24.0001 2420 -1906
24.1001 2430 -1914
24.2001 2440 -1922
24.3001 2450 -1930
24.4001 2460 -1938
24.5001 2470 -1946
24.6001 2480 -1954
24.7001 2490 -1962
24.8001 2500 -1970
24.9001 2510 -1978
25.0001 2520 -1986
25.1001 2530 -1994
25.2001 2540 -2002
25.3001 2550 -2010
25.4001 2560 -2018
25.5001 2570 -2026
25.6001 2580 -2034
25.7001 2590 -2042
25.8001 2600 -2050
25.9001 2610 -2058
26.0001 2620 -2066
26.1001 2630 -2074
26.2001 2640 -2082
26.3001 2650 -2090
26.4001 2660 -2098
26.5001 2670 -2106
26.6001 2680 -2114
26.7001 2690 -2122
26.8001 2700 -2130
26.9001 2710 -2138
27.0001 2720 -2146
27.1001 2730 -2154
27.2001 2740 -2162
27.3001 2750 -2170
27.4001 2760 -2178
27.5001 2770 -2186
27.6001 2780 -2194
27.7001 2790 -2202
27.8001 2800 -2210
27.9001 2810 -2218
28.0001 2820 -2226
28.1001 2830 -2234
28.2001 2840 -2242
28.3001 2850 -2250
28.4001 2860 -2258
28.5001 2870 -2266
28.6001 2880 -2274
28.7001 2890 -2282
28.8001 2900 -2290
28.9001 2910 -2298
29.0001 2920 -2306
29.1001 2930 -2314
29.2001 2940 -2322
29.3001 2950 -2330
29.4001 2960 -2338
29.5001 2970 -2346
29.6001 2980 -2354
29.7001 2990 -2362
29.8001 3000 -2370
29.9001 3010 -2378
