0 16 38
0.1 -24 64
0.2 -64 90
0.3 -104 116
0.4 -144 142
0.5 -184 168
0.6 -224 194
0.7 -264 220
0.8 -304 246
0.9 -344 272
1 -384 298
1.1 -424 324
1.2 -464 350
1.3 -504 376
1.4 -544 402
1.5 -584 428
1.6 -624 454
1.7 -664 480
1.8 -704 506
1.9 -744 532
2 -784 558
2.1 -824 584
2.2 -864 610
2.3 -904 636
2.4 -944 662
2.5 -984 688
2.6 -1024 714
2.7 -1064 740
2.8 -1104 766
2.9 -1144 792
3 -1184 818
3.1 -1224 844
3.2 -1264 870
3.3 -1304 896
3.4 -1344 922
3.5 -1384 948
3.6 -1424 974
3.7 -1464 1000
3.8 -1504 1026
3.9 -1544 1052
4 -1584 1078
4.1 -1624 1104
4.2 -1664 1130
4.3 -1704 1156
4.4 -1744 1182
4.5 -1784 1208
4.6 -1824 1234
4.7 -1864 1260
4.8 -1904 1286
4.9 -1944 1312
5 -1984 1338
5.1 -2024 1364
5.2 -2064 1390
5.3 -2104 1416
5.4 -2144 1442
5.5 -2184 1468
5.6 -2224 1494
5.7 -2264 1520
5.8 -2304 1546
5.9 -2344 1572
6 -2384 1598
6.1 -2424 1624
6.2 -2464 1650
6.3 -2504 1676
6.4 -2544 1702
6.5 -2584 1728
6.6 -2624 1754
6.7 -2664 1780
6.8 -2704 1806
6.9 -2744 1832
7 -2784 1858
7.1 -2824 1884
7.2 -2864 1910
7.3 -2904 1936
7.4 -2944 1962
7.5 -2984 1988
7.6 -3024 2014
7.7 -3064 2040
7.79999 -3104 2066
7.89999 -3144 2092
7.99999 -3184 2118
8.09999 -3224 2144
8.2 -3264 2170
8.3 -3304 2196
8.4 -3344 2222
8.5 -3384 2248
8.6 -3424 2274
8.7 -3464 2300
8.8 -3504 2326
8.9 -3544 2352
9 -3584 2378
9.1 -3624 2404
9.2 -3664 2430
9.3 -3704 2456
9.4 -3744 2482
9.5 -3784 2508
9.6 -3824 2534
9.7 -3864 2560
9.8 -3904 2586
9.9 -3944 2612
10 -3984 2638
10.1 -4024 2664
10.2 -4064 2690
10.3 -4104 2716
10.4 -4144 2742
10.5 -4184 2768
10.6 -4224 2794
10.7 -4264 2820
10.8 -4304 2846
10.9 -4344 2872
11 -4384 2898
11.1 -4424 2924
11.2 -4464 2950
11.3 -4504 2976
11.4 -4544 3002
11.5 -4584 3028
11.6 -4624 3054
11.7 -4664 3080
11.8 -4704 3106
11.9 -4744 3132
12 -4784 3158
12.1 -4824 3184
12.2 -4864 3210
12.3 -4904 3236
12.4 -4944 3262
12.5 -4984 3288
12.6 -5024 3314
12.7 -5064 3340
12.8 -5104 3366
12.9 -5144 3392
13 -5184 3418
13.1 -5224 3444
13.2 -5264 3470
13.3 -5304 3496
13.4 -5344 3522
13.5 -5384 3548
13.6 -5424 3574
13.7 -5464 3600
13.8 -5504 3626
13.9 -5544 3652
14 -5584 3678
14.1 -5624 3704
14.2 -5664 3730
14.3 -5704 3756
14.4 -5744 3782
14.5 -5784 3808
14.6 -5824 3834
14.7 -5864 3860
14.8 -5904 3886
14.9 -5944 3912
15 -5984 3938
15.1 -6024 3964
15.2 -6064 3990
15.3 -6104 4016
15.4 -6144 4042
15.5 -6184 4068
15.6 -6224 4094
15.7 -6264 4120
15.8 -6304 4146
15.9 -6344 4172
16 -6384 4198
16.1 -6424 4224
16.2 -6464 4250
16.3 -6504 4276
16.4 -6544 4302
16.5 -6584 4328
16.6 -6624 4354
16.7 -6664 4380
16.8 -6704 4406
16.9 -6744 4432
17 -6784 4458
17.1 -6824 4484
17.2 -6864 4510
17.3 -6904 4536
17.4 -6944 4562
17.5 -6984 4588
17.6 -7024 4614
17.7 -7064 4640
17.8 -7104 4666
17.9 -7144 4692
18 -7184 4718
18.1 -7224 4744
18.2 -7264 4770
18.3 -7304 4796
18.4 -7344 4822
18.5 -7384 4848
18.6 -7424 4874
18.7 -7464 4900
18.8 -7504 4926
18.9 -7544 4952
19 -7584 4978
19.1 -7624 5004
19.2 -7664 5030
19.3 -7704 5056
19.4 -7744 5082
19.5 -7784 5108
19.6 -7824 5134
19.7 -7864 5160
19.8 -7904 5186
19.9 -7944 5212
20 -7984 5238
20.1 -8024 5264
20.2 -8064 5290
20.3 -8104 5316
20.4 -8144 5342
20.5 -8184 5368
20.6 -8224 5394
20.7 -8264 5420
20.8 -8304 5446
20.9 -8344 5472
21 -8384 5498
21.1 -8424 5524
21.2 -8464 5550
21.3 -8504 5576
21.4 -8544 5602
21.5 -8584 5628
21.6 -8624 5654
21.7 -8664 5680
21.8 -8704 5706
21.9 -8744 5732
22 -8784 5758
22.1 -8824 5784
22.2 -8864 5810
22.3 -8904 5836
22.4 -8944 5862
22.5 -8984 5888
22.6 -9024 5914
22.7001 -9064 5940
22.8001 -9104 5966
22.9001 -9144 5992
23.0001 -9184 6018
23.1001 -9224 6044
23.2001 -9264 6070
23.3001 -9304 6096
23.4001 -9344 6122
23.5001 -9384 6148
23.6001 -9424 6174
23.7001 -9464 6200
23.8001 -9504 6226
23.9001 -9544 6252
24.0001 -9584 6278
24.1001 -9624 6304
24.2001 -9664 6330
24.3001 -9704 6356
24.4001 -9744 6382
24.5001 -9784 6408
24.6001 -9824 6434
24.7001 -9864 6460
24.8001 -9904 6486
24.9001 -9944 6512
25.0001 -9984 6538
25.1001 -10024 6564
25.2001 -10064 6590
25.3001 -10104 6616
25.4001 -10144 6642
25.5001 -10184 6668
25.6001 -10224 6694
25.7001 -10264 6720
25.8001 -10304 6746
25.9001 -10344 6772
26.0001 -10384 6798
26.1001 -10424 6824
26.2001 -10464 6850
26.3001 -10504 6876
26.4001 -10544 6902
26.5001 -10584 6928
26.6001 -10624 6954
26.7001 -10664 6980
26.8001 -10704 7006
26.9001 -10744 7032
27.0001 -10784 7058
27.1001 -10824 7084
27.2001 -10864 7110
27.3001 -10904 7136
27.4001 -10944 7162
27.5001 -10984 7188
27.6001 -11024 7214
27.7001 -11064 7240
27.8001 -11104 7266
27.9001 -11144 7292
28.0001 -11184 7318
28.1001 -11224 7344
28.2001 -11264 7370
28.3001 -11304 7396
28.4001 -11344 7422
28.5001 -11384 7448
28.6001 -11424 7474
28.7001 -11464 7500
28.8001 -11504 7526
28.9001 -11544 7552
29.0001 -11584 7578
29.1001 -11624 7604
29.2001 -11664 7630
29.3001 -11704 7656
29.4001 -11744 7682
29.5001 -11784 7708
29.6001 -11824 7734
29.7001 -11864 7760
29.8001 -11904 7786
29.9001 -11944 7812
