0 7 80
0.1 5 114
0.2 3.00001 148
0.3 1.00001 182
0.4 -0.999988 216
0.5 -2.99998 250
0.6 -4.99998 284
0.7 -6.99998 318
0.8 -8.99997 352
0.9 -11 386
1 -13 420
1.1 -15 454
1.2 -17 488
1.3 -19 522
1.4 -21 556
1.5 -22.9999 590
1.6 -24.9999 624
1.7 -26.9999 658
1.8 -28.9999 692
1.9 -30.9999 726
2 -32.9999 760
2.1 -34.9999 794
2.2 -36.9999 828
2.3 -38.9999 862
2.4 -40.9999 896
2.5 -42.9999 930
2.6 -44.9999 964
2.7 -46.9999 998
2.8 -48.9999 1032
2.9 -50.9999 1066
3 -52.9999 1100
3.1 -54.9999 1134
3.2 -56.9999 1168
3.3 -58.9999 1202
3.4 -60.9999 1236
3.5 -62.9999 1270
3.6 -64.9999 1304
3.7 -66.9999 1338
3.8 -68.9998 1372
3.9 -70.9998 1406
4 -72.9998 1440
4.1 -74.9998 1474
4.2 -76.9998 1508
4.3 -78.9998 1542
4.4 -80.9998 1576
4.5 -82.9998 1610
4.6 -84.9998 1644
4.7 -86.9998 1678
4.8 -88.9998 1712
4.9 -90.9998 1746
5 -92.9998 1780
5.1 -94.9997 1814
5.2 -96.9997 1848
5.3 -98.9997 1882
5.4 -101 1916
5.5 -103 1950
5.6 -105 1984
5.7 -107 2018
5.8 -109 2052
5.9 -111 2086
6 -113 2120
6.1 -115 2154
6.2 -117 2188
6.3 -119 2222
6.4 -121 2256
6.5 -123 2290
6.6 -125 2324
6.7 -127 2358
6.8 -129 2392
6.9 -131 2426
7 -133 2460
7.1 -135 2494
7.2 -137 2528
7.3 -139 2562
7.4 -141 2596
7.5 -143 2630
7.6 -144.999 2664
7.7 -146.999 2698
7.79999 -148.999 2732
7.89999 -150.999 2766
7.99999 -152.999 2800
8.09999 -154.999 2834
8.2 -156.999 2868
8.3 -158.999 2902
8.4 -160.999 2936
8.5 -162.999 2970
8.6 -164.999 3004
8.7 -166.999 3038
8.8 -168.999 3072
8.9 -170.999 3106
9 -172.999 3140
9.1 -174.999 3174
9.2 -176.999 3208
9.3 -178.999 3242
9.4 -180.999 3276
9.5 -182.999 3310
9.6 -184.999 3344
9.7 -186.999 3378
9.8 -188.999 3412
9.9 -190.999 3446
10 -192.999 3480
10.1 -194.999 3514
10.2 -196.999 3548
10.3 -198.999 3582
10.4 -200.999 3616
10.5 -202.999 3650
10.6 -204.999 3684
10.7 -206.999 3718
10.8 -208.999 3752
10.9 -210.999 3786
11 -212.999 3820
11.1 -214.999 3854
11.2 -216.999 3888
11.3 -218.999 3922
11.4 -220.999 3956
11.5 -222.999 3990
11.6 -224.999 4024
11.7 -226.999 4058
11.8 -228.999 4092
11.9 -230.999 4126
12 -232.999 4160
12.1 -234.999 4194
12.2 -236.999 4228
12.3 -238.999 4262
12.4 -240.999 4296
12.5 -242.999 4330
12.6 -244.999 4364
12.7 -246.999 4398
12.8 -248.999 4432
12.9 -250.999 4466
13 -252.999 4500
13.1 -254.999 4534
13.2 -256.999 4568
13.3 -258.999 4602
13.4 -260.999 4636
13.5 -262.999 4670
13.6 -264.999 4704
13.7 -266.999 4738
13.8 -268.999 4772
13.9 -270.999 4806
14 -272.999 4840
14.1 -274.999 4874
14.2 -276.999 4908
14.3 -278.999 4942
14.4 -280.999 4976
14.5 -282.999 5010
14.6 -284.999 5044
14.7 -286.999 5078
14.8 -288.999 5112
14.9 -290.999 5146
15 -292.999 5180
15.1 -294.999 5214
15.2 -296.999 5248
15.3 -298.999 5282
15.4 -300.999 5316
15.5 -302.999 5350
15.6 -304.999 5384
15.7 -306.999 5418
15.8 -308.999 5452
15.9 -310.999 5486
16 -312.999 5520
16.1 -314.999 5554
16.2 -316.999 5588
16.3 -318.999 5622
16.4 -320.999 5656
16.5 -322.999 5690
16.6 -324.999 5724
16.7 -326.999 5758
16.8 -328.999 5792
16.9 -330.999 5826
17 -332.999 5860
17.1 -334.999 5894
17.2 -336.999 5928
17.3 -338.999 5962
17.4 -340.999 5996
17.5 -342.999 6030
17.6 -344.999 6064
17.7 -346.999 6098
17.8 -348.999 6132
17.9 -350.999 6166
18 -352.999 6200
18.1 -354.999 6234
18.2 -356.999 6268
18.3 -358.999 6302
18.4 -360.999 6336
18.5 -362.999 6370
18.6 -364.999 6404
18.7 -366.999 6438
18.8 -368.999 6472
18.9 -370.999 6506
19 -372.999 6540
19.1 -374.999 6574
19.2 -376.999 6608
19.3 -378.999 6642
19.4 -380.999 6676
19.5 -382.999 6710
19.6 -384.999 6744
19.7 -386.999 6778
19.8 -388.999 6812
19.9 -390.999 6846
20 -392.999 6880
20.1 -394.999 6914
20.2 -396.999 6948
20.3 -398.999 6982
20.4 -400.999 7016
20.5 -402.999 7050
20.6 -404.999 7084
20.7 -406.999 7118
20.8 -408.999 7152
20.9 -410.999 7186
21 -412.999 7220
21.1 -414.999 7254
21.2 -416.999 7288
21.3 -418.999 7322
21.4 -420.999 7356
21.5 -422.999 7390
21.6 -424.999 7424
21.7 -426.999 7458
21.8 -428.999 7492
21.9 -430.999 7526
22 -432.999 7560
22.1 -434.999 7594
22.2 -436.999 7628
22.3 -438.999 7662
22.4 -440.999 7696
22.5 -442.999 7730
22.6 -444.999 7764
22.7001 -446.999 7798
22.8001 -448.999 7832
22.9001 -450.999 7866
23.0001 -452.999 7900
23.1001 -454.999 7934
23.2001 -456.999 7968
23.3001 -458.999 8002
23.4001 -460.999 8036
23.5001 -462.999 8070
23.6001 -464.999 8104
23.7001 -466.999 8138
23.8001 -468.999 8172
23.9001 -470.999 8206
24.0001 -472.999 8240
24.1001 -474.999 8274
24.2001 -476.999 8308
24.3001 -478.999 8342
24.4001 -480.999 8376
24.5001 -482.999 8410
24.6001 -484.999 8444
24.7001 -486.999 8478
24.8001 -488.999 8512
24.9001 -490.999 8546
25.0001 -492.999 8580
25.1001 -494.999 8614
25.2001 -496.999 8648
25.3001 -498.999 8682
25.4001 -500.999 8716
25.5001 -502.999 8750
25.6001 -504.999 8784
25.7001 -506.999 8818
25.8001 -508.999 8852
25.9001 -510.999 8886
26.0001 -512.999 8920
26.1001 -514.999 8954
26.2001 -516.999 8988
26.3001 -518.999 9022
26.4001 -520.999 9056
26.5001 -522.999 9090
26.6001 -524.999 9124
26.7001 -526.999 9158
26.8001 -528.999 9192
26.9001 -530.999 9226
27.0001 -532.999 9260
27.1001 -534.999 9294
27.2001 -536.999 9328
27.3001 -538.999 9362
27.4001 -540.999 9396
27.5001 -542.999 9430
27.6001 -544.999 9464
27.7001 -546.999 9498
27.8001 -548.999 9532
27.9001 -550.999 9566
28.0001 -552.999 9600
28.1001 -554.999 9634
28.2001 -556.999 9668
28.3001 -558.999 9702
28.4001 -560.999 9736
28.5001 -562.999 9770
28.6001 -564.999 9804
28.7001 -566.999 9838
28.8001 -568.999 9872
28.9001 -570.999 9906
29.0001 -572.999 9940
29.1001 -574.999 9974
29.2001 -576.999 10008
29.3001 -578.999 10042
29.4001 -580.999 10076
29.5001 -582.999 10110
29.6001 -584.999 10144
29.7001 -586.999 10178
29.8001 -588.999 10212
29.9001 -590.999 10246
