0 373
0 273
0 273
0 273
0 273
0 273
0 273
0 273
0 273
0 273
0 273
0 273
0 273
0 273
0 273
0 273
0 273
0 273
0 273
0 273
0 273
0 273
0 273
0 273
0 273
0 273
0 273
0 273
0 273
0 273
0 273
0 273
0 273
0 273
0 273
0 273
0 273
0 273
0 273
0 273
0 273
0 273
0 273
0 273
0 273
0 273
0 273
0 273
0 273
0 373
30 373
30 367.124
30 361.281
30 355.504
30 349.826
30 344.275
30 338.882
30 333.672
30 328.67
30 323.898
30 319.375
30 315.116
30 311.136
30 307.445
30 304.051
30 300.961
30 298.179
30 295.707
30 293.547
30 291.697
30 290.159
30 288.931
30 288.011
30 287.398
30 287.092
30 287.092
30 287.398
30 288.011
30 288.931
30 290.159
30 291.697
30 293.547
30 295.707
30 298.179
30 300.961
30 304.051
30 307.445
30 311.136
30 315.116
30 319.375
30 323.898
30 328.67
30 333.672
30 338.882
30 344.275
30 349.826
30 355.504
30 361.281
30 367.124
30 373
60 373
60 369.146
60 365.309
60 361.503
60 357.746
60 354.053
60 350.439
60 346.918
60 343.507
60 340.219
60 337.067
60 334.064
60 331.222
60 328.553
60 326.068
60 323.776
60 321.688
60 319.81
60 318.15
60 316.715
60 315.511
60 314.542
60 313.812
60 313.324
60 313.079
60 313.079
60 313.324
60 313.812
60 314.542
60 315.511
60 316.715
60 318.15
60 319.81
60 321.688
60 323.776
60 326.068
60 328.553
60 331.222
60 334.064
60 337.067
60 340.219
60 343.507
60 346.918
60 350.439
60 354.053
60 357.746
60 361.503
60 365.309
60 369.146
60 373
90 373
90 370.36
90 367.731
90 365.124
90 362.549
90 360.017
90 357.539
90 355.124
90 352.783
90 350.524
90 348.359
90 346.294
90 344.339
90 342.502
90 340.791
90 339.212
90 337.771
90 336.476
90 335.33
90 334.34
90 333.508
90 332.838
90 332.334
90 331.996
90 331.827
90 331.827
90 331.996
90 332.334
90 332.838
90 333.508
90 334.34
90 335.33
90 336.476
90 337.771
90 339.212
90 340.791
90 342.502
90 344.339
90 346.294
90 348.359
90 350.524
90 352.783
90 355.124
90 357.539
90 360.017
90 362.549
90 365.124
90 367.731
90 370.36
90 373
